20538 2 2 [-1.66791045  0.53964552 -0.47108209] [ 239.75186567    0.38852612   -0.54804104] [ 0.67626866  0.02343284  0.06776119] [ 6.40438433 -0.52985075  0.12639925] [  2.37034049e+02   6.25000000e-02  -4.64085821e-01] [ 0.59768657  0.10940299  0.01208955]
20578 15 3 [ 5.76958955  0.97714552 -0.47108209] [ 247.75186567    0.38852612   -0.61054104] [-0.74373134  0.14343284  0.05776119] [-2.47061567 -0.09235075  0.06389925] [  2.37034049e+02   6.25000000e-02  -4.64085821e-01] [-0.68231343  0.07940299  0.00208955]
20617 4 3 [ 4.83208955  0.66464552  1.15391791] [ 247.68936567    0.38852612   -0.67304104] [-0.70373134  0.08343284  0.08776119] [-2.59561567 -0.27985075  0.12639925] [  2.37034049e+02   6.25000000e-02  -4.64085821e-01] [ 0.59768657  0.06940299  0.01208955]
20648 5 1 [-3.60541045  0.22714552  0.40391791] [ 239.68936567    0.38852612   -0.67304104] [-0.65373134 -0.04656716  0.11776119] [-2.72061567 -0.02985075  0.06389925] [  2.29034049e+02   6.25000000e-02  -4.64085821e-01] [-0.67231343  0.00940299  0.03208955]
20670 4 1 [-3.60541045 -0.46035448  0.15391791] [ 239.68936567    0.38852612   -0.67304104] [-0.70373134 -0.00656716  0.06776119] [ -2.72061567e+00  -2.98507463e-02   1.39925373e-03] [  2.29034049e+02   6.25000000e-02  -4.64085821e-01] [-0.68231343  0.04940299  0.00208955]
20692 3 5 [-3.73041045  0.16464552  0.52891791] [ 239.68936567    0.38852612   -0.67304104] [-0.66373134 -0.05656716  0.02776119] [-2.47061567 -0.09235075 -0.06110075] [  2.29034049e+02   6.25000000e-02  -4.64085821e-01] [-0.65231343  0.05940299  0.03208955]
20715 3 2 [-3.73041045  0.16464552  0.52891791] [ 239.68936567    0.38852612   -0.67304104] [-0.67373134 -0.09656716  0.08776119] [-2.40811567 -0.09235075  0.06389925] [  2.29034049e+02   6.25000000e-02  -4.64085821e-01] [-0.65231343  0.05940299  0.00208955]
20736 0 7 [-3.35541045 -0.02285448 -0.28358209] [ 239.68936567    0.38852612   -0.67304104] [-0.65373134 -0.04656716  0.04776119] [-2.15811567 -0.09235075 -0.06110075] [  2.29034049e+02   6.25000000e-02  -4.64085821e-01] [-0.65231343  0.00940299  0.01208955]
20756 1 0 [-3.54291045 -0.21035448 -0.65858209] [ 239.68936567    0.38852612   -0.67304104] [-0.64373134  0.04343284  0.06776119] [-2.09561567 -0.02985075  0.06389925] [  2.29034049e+02   6.25000000e-02  -4.64085821e-01] [-0.69231343  0.09940299  0.03208955]
20776 4 0 [-3.60541045  0.10214552 -0.03358209] [ 239.68936567    0.38852612   -0.67304104] [-0.65373134  0.02343284  0.04776119] [-2.28311567  0.03264925 -0.06110075] [  2.29034049e+02   6.25000000e-02  -4.64085821e-01] [-0.67231343  0.11940299  0.05208955]
20796 4 2 [-3.60541045  0.22714552  0.02891791] [ 239.68936567    0.38852612   -0.67304104] [-0.63373134  0.00343284  0.05776119] [ -2.53311567e+00   3.26492537e-02   1.39925373e-03] [  2.29034049e+02   6.25000000e-02  -4.64085821e-01] [-0.66231343  0.08940299  0.01208955]
20816 4 3 [-3.60541045  0.60214552  0.59141791] [ 239.68936567    0.38852612   -0.67304104] [-0.67373134 -0.03656716  0.04776119] [-2.84561567  0.22014925  0.06389925] [  2.29034049e+02   6.25000000e-02  -4.64085821e-01] [-0.66231343  0.06940299  0.01208955]
20836 2 7 [-3.60541045  0.28964552  0.59141791] [ 239.62686567    0.38852612   -0.67304104] [-0.68373134 -0.07656716  0.05776119] [ -2.72061567e+00   3.26492537e-02   1.39925373e-03] [  2.29034049e+02   6.25000000e-02  -4.64085821e-01] [-0.68231343  0.03940299  0.02208955]
20857 3 3 [-3.41791045  0.16464552  0.40391791] [ 239.62686567    0.38852612   -0.67304104] [-0.70373134 -0.03656716  0.11776119] [ -2.53311567e+00   9.51492537e-02   1.39925373e-03] [  2.29034049e+02   6.25000000e-02  -4.64085821e-01] [-0.64231343  0.05940299  0.01208955]
20876 3 4 [-3.60541045 -0.21035448  0.34141791] [ 239.62686567    0.38852612   -0.67304104] [-0.68373134  0.01343284  0.06776119] [ -2.47061567e+00  -1.54850746e-01   1.39925373e-03] [  2.29034049e+02   6.25000000e-02  -4.64085821e-01] [-0.66231343  0.06940299  0.05208955]
20896 3 3 [-3.41791045 -0.27285448  0.84141791] [ 239.62686567    0.38852612   -0.67304104] [-0.66373134 -0.01656716  0.03776119] [-2.47061567 -0.02985075  0.06389925] [  2.29034049e+02   6.25000000e-02  -4.64085821e-01] [-0.67231343  0.03940299  0.04208955]
20916 0 1 [-3.48041045  0.03964552  0.77891791] [ 239.62686567    0.38852612   -0.67304104] [-0.64373134 -0.08656716  0.08776119] [-2.53311567 -0.02985075  0.06389925] [  2.29034049e+02   6.25000000e-02  -4.64085821e-01] [-0.66231343  0.04940299  0.02208955]
20937 1 2 [-3.41791045 -0.08535448  0.27891791] [ 239.62686567    0.38852612   -0.67304104] [-0.69373134 -0.01656716  0.03776119] [-2.59561567  0.09514925  0.18889925] [  2.29034049e+02   6.25000000e-02  -4.64085821e-01] [-0.67231343  0.01940299  0.00208955]
20959 3 1 [-3.41791045  0.03964552  0.15391791] [ 239.62686567    0.38852612   -0.67304104] [-0.68373134 -0.00656716  0.06776119] [-2.47061567 -0.15485075  0.06389925] [  2.29034049e+02   6.25000000e-02  -4.64085821e-01] [-0.66231343  0.02940299  0.01208955]
20981 2 2 [-3.60541045  0.03964552  0.90391791] [ 239.62686567    0.38852612   -0.67304104] [-0.66373134 -0.00656716  0.04776119] [-2.59561567 -0.15485075  0.12639925] [  2.29034049e+02   6.25000000e-02  -4.64085821e-01] [-0.65231343  0.05940299  0.02208955]
21005 2 7 [-3.35541045  0.28964552  1.02891791] [ 239.56436567    0.38852612   -0.67304104] [-0.62373134 -0.04656716  0.07776119] [-2.59561567 -0.02985075  0.06389925] [  2.29034049e+02   6.25000000e-02  -4.64085821e-01] [-0.67231343  0.02940299  0.01208955]
21026 6 2 [-3.23041045  0.28964552  0.52891791] [ 239.56436567    0.38852612   -0.67304104] [-0.68373134 -0.06656716  0.07776119] [-2.65811567 -0.09235075  0.06389925] [  2.29034049e+02   6.25000000e-02  -4.64085821e-01] [-0.69231343  0.05940299  0.03208955]
21046 2 6 [-3.29291045  0.03964552  0.34141791] [ 239.56436567    0.38852612   -0.67304104] [-0.68373134 -0.02656716  0.05776119] [-2.72061567 -0.09235075  0.18889925] [  2.29034049e+02   6.25000000e-02  -4.64085821e-01] [-0.68231343  0.03940299  0.01208955]
21068 19 2 [-3.29291045 -0.02285448  0.59141791] [ 239.56436567    0.38852612   -0.67304104] [-0.68373134 -0.01656716  0.03776119] [-2.40811567  0.03264925  0.06389925] [  2.29034049e+02   6.25000000e-02  -4.64085821e-01] [-0.67231343  0.05940299  0.01208955]
21094 6 3 [-3.29291045 -0.02285448  0.71641791] [ 239.56436567    0.38852612   -0.67304104] [-0.66373134 -0.00656716  0.03776119] [-2.47061567 -0.15485075  0.06389925] [  2.29034049e+02   6.25000000e-02  -4.64085821e-01] [-0.66231343  0.03940299  0.04208955]
21116 2 0 [-3.35541045  0.10214552  0.77891791] [ 239.56436567    0.38852612   -0.67304104] [-0.70373134 -0.03656716  0.06776119] [-2.65811567  0.03264925  0.18889925] [  2.29034049e+02   6.25000000e-02  -4.64085821e-01] [-0.67231343  0.03940299  0.01208955]
21149 0 1 [-3.48041045  0.28964552  0.65391791] [ 239.50186567    0.38852612   -0.67304104] [ 0.60626866  0.01343284  0.03776119] [-2.78311567 -0.15485075 -0.06110075] [  2.37034049e+02   6.25000000e-02  -4.64085821e-01] [ 0.62768657  0.05940299  0.01208955]
21188 2 3 [-3.29291045  0.10214552  1.40391791] [ 239.50186567    0.38852612   -0.73554104] [ 0.62626866 -0.18656716  0.03776119] [-2.53311567  0.09514925  0.12639925] [  2.37034049e+02   6.25000000e-02  -4.64085821e-01] [  6.37686567e-01  -5.97014925e-04   2.08955224e-03]
21225 2 4 [ 5.08208955  0.28964552 -1.40858209] [ 247.50186567    0.38852612   -0.67304104] [ 0.64626866 -0.04656716  0.05776119] [ 5.77938433  0.09514925  0.06389925] [  2.29034049e+02   6.25000000e-02  -4.64085821e-01] [ 0.61768657  0.08940299  0.02208955]
21271 4 2 [ 5.08208955  0.60214552 -1.28358209] [ 239.56436567    0.38852612   -0.67304104] [-0.70373134 -0.01656716  0.05776119] [-2.59561567 -0.02985075 -0.06110075] [  2.37034049e+02   6.25000000e-02  -4.64085821e-01] [ 0.62768657  0.00940299 -0.00791045]
21310 4 3 [-2.85541045  0.16464552 -0.34608209] [ 239.56436567    0.32602612   -0.73554104] [-0.71373134  0.01343284  0.05776119] [ -2.40811567e+00   3.26492537e-02   1.39925373e-03] [  2.37034049e+02   6.25000000e-02  -4.64085821e-01] [ 0.60768657  0.04940299 -0.00791045]
21350 6 0 [ 4.95708955  0.28964552  0.90391791] [ 247.56436567    0.32602612   -0.73554104] [ 0.62626866 -0.00656716  0.06776119] [-2.28311567  0.15764925  0.06389925] [  2.37034049e+02   6.25000000e-02  -4.64085821e-01] [ 0.62768657  0.05940299 -0.00791045]
21389 3 2 [ 4.83208955 -0.08535448  0.09141791] [ 239.56436567    0.32602612   -0.73554104] [-0.70373134 -0.03656716  0.05776119] [-2.47061567 -0.02985075  0.06389925] [  2.37034049e+02   6.25000000e-02  -4.64085821e-01] [ 0.61768657  0.02940299  0.01208955]
21427 3 3 [ 4.95708955 -0.08535448  0.09141791] [ 239.56436567    0.32602612   -0.73554104] [-0.69373134 -0.06656716  0.05776119] [  5.65438433e+00   3.26492537e-02   1.39925373e-03] [  2.29034049e+02   6.25000000e-02  -4.64085821e-01] [ 0.60768657  0.04940299  0.01208955]
21465 2 1 [ 5.26958955  0.16464552  0.02891791] [ 247.56436567    0.32602612   -0.73554104] [ 0.67626866 -0.08656716  0.07776119] [ 5.71688433 -0.27985075 -0.12360075] [  2.29034049e+02   6.25000000e-02  -4.64085821e-01] [-0.71231343  0.09940299  0.00208955]
21505 3 5 [ 5.58208955  0.28964552 -0.84608209] [ 247.56436567    0.32602612   -0.73554104] [-0.70373134  0.01343284  0.03776119] [  5.65438433e+00   9.51492537e-02   1.39925373e-03] [  2.29034049e+02   6.25000000e-02  -4.64085821e-01] [-0.69231343  0.08940299  0.03208955]
21543 2 0 [ 5.58208955  0.35214552  0.34141791] [ 247.56436567    0.32602612   -0.79804104] [-0.67373134 -0.03656716  0.05776119] [ 5.90438433 -0.15485075  0.06389925] [  2.37034049e+02   6.25000000e-02  -4.64085821e-01] [ 0.61768657  0.01940299  0.06208955]
21579 2 0 [ 5.58208955  0.10214552 -1.03358209] [ 247.56436567    0.32602612   -0.86054104] [-0.71373134  0.06343284  0.05776119] [ 6.02938433  0.09514925  0.31389925] [  2.37034049e+02   6.25000000e-02  -4.64085821e-01] [ 0.59768657  0.06940299  0.00208955]
21617 0 4 [ 5.33208955  0.16464552 -0.03358209] [ 247.62686567    0.32602612   -0.86054104] [-0.71373134  0.08343284  0.05776119] [ 6.09188433  0.03264925  0.12639925] [  2.29034049e+02   6.25000000e-02  -4.64085821e-01] [ 0.66768657  0.02940299  0.00208955]
21656 2 5 [ 5.26958955  0.28964552 -0.72108209] [ 247.62686567    0.32602612   -0.86054104] [-0.68373134 -0.08656716  0.06776119] [ 6.15438433  0.03264925  0.12639925] [  2.37034049e+02   6.25000000e-02  -4.64085821e-01] [ 0.61768657  0.04940299 -0.00791045]
21692 2 1 [-2.66791045  0.28964552 -1.28358209] [ 247.68936567    0.32602612   -0.92304104] [-0.73373134  0.03343284  0.05776119] [ -1.97061567e+00   3.26492537e-02   1.39925373e-03] [  2.37034049e+02   6.25000000e-02  -4.64085821e-01] [ 0.60768657  0.02940299  0.04208955]
21730 3 3 [ 6.01958955 -0.46035448 -0.78358209] [ 239.68936567    0.32602612   -0.92304104] [-0.79373134 -0.21656716 -0.01223881] [-1.28311567  0.34514925 -0.06110075] [  2.29034049e+02   6.25000000e-02  -4.64085821e-01] [ 0.56768657 -0.04059701  0.00208955]
21768 3 1 [ 7.26958955 -1.08535448 -1.34608209] [ 247.75186567    0.32602612   -0.98554104] [-0.88373134 -0.22656716 -0.04223881] [ 0.52938433  0.28264925  0.12639925] [  2.37034049e+02   6.25000000e-02  -5.26585821e-01] [-0.74231343  0.00940299  0.08208955]
21806 2 3 [ 8.70708955 -0.71035448  3.09141791] [ 239.68936567    0.32602612   -1.11054104] [ 0.98626866 -0.51656716  0.11776119] [ 10.15438433   0.53264925  -1.18610075] [  2.37096549e+02   6.25000000e-02  -7.14085821e-01] [-0.69231343  0.04940299  0.11208955]
21844 1 0 [ 5.58208955  2.28964552  1.02891791] [ 247.62686567    0.26352612   -1.42304104] [ 0.08626866 -0.82656716 -0.09223881] [-0.03311567  2.22014925 -2.18610075] [  2.37221549e+02   6.25000000e-02  -7.76585821e-01] [ 0.69768657  0.21940299 -0.05791045]
21883 0 0 [ 11.08208955   5.16464552  -5.28358209] [  2.47814366e+02   7.60261194e-02  -1.92304104e+00] [-0.44373134 -0.54656716  0.10776119] [-2.22061567  3.03264925 -1.81110075] [-122.65345149    0.           -0.77658582] [ 0.60768657 -0.29059701 -0.03791045]
21920 0 0 [ 21.70708955   5.85214552  -6.72108209] [  2.48126866e+02  -1.11473881e-01  -2.54804104e+00] [-0.88373134 -0.04656716 -0.03223881] [ 2.52938433  2.15764925 -0.06110075] [ -1.30653451e+02  -6.25000000e-02  -9.01585821e-01] [ 0.60768657 -0.09059701 -0.03791045]
21958 2 1 [ 12.26958955   6.10214552 -12.47108209] [ 240.43936567   -0.29897388   -2.98554104] [ 0.64626866  0.32343284 -0.03223881] [ 13.09188433   0.97014925  -0.31110075] [-122.59095149   -0.125        -1.15158582] [-0.87231343  0.17940299 -0.00791045]
21996 2 0 [ 11.01958955   6.03964552 -15.97108209] [-110.93563433   -0.54897388   -3.36054104] [-0.62373134 -0.03656716 -0.01223881] [ 3.96688433  0.28264925 -0.81110075] [-122.46595149   -0.125        -1.40158582] [ 0.56768657  0.15940299 -0.04791045]
22037 2 1 [  8.89458955   7.60214552 -11.59608209] [-118.37313433   -0.79897388   -3.79804104] [-0.29373134  0.37343284  0.00776119] [ 6.40438433  0.84514925 -1.06110075] [ -1.30403451e+02  -1.25000000e-01  -1.52658582e+00] [-0.73231343  0.29940299  0.03208955]
22074 0 0 [ 8.76958955  8.97714552 -7.78358209] [-109.93563433   -1.11147388   -4.23554104] [ 0.73626866 -0.22656716 -0.08223881] [-3.28311567 -0.34235075 -2.24860075] [ -1.30340951e+02  -1.25000000e-01  -1.46408582e+00] [-0.59231343 -0.06059701 -0.10791045]
22111 5 0 [  9.01958955  10.41464552  -8.78358209] [-109.56063433   -1.54897388   -4.67304104] [ 0.72626866 -0.12656716 -0.00223881] [-3.53311567  0.47014925 -1.74860075] [ -1.30340951e+02  -6.25000000e-02  -1.40158582e+00] [-0.73231343  0.18940299 -0.10791045]
22149 6 2 [  9.58208955  11.16464552 -10.59608209] [-109.18563433   -1.92397388   -5.11054104] [ 1.06626866  0.09343284  0.01776119] [-5.15811567  1.22014925 -3.18610075] [ -1.22215951e+02  -6.25000000e-02  -1.27658582e+00] [ 0.62768657  0.42940299 -0.02791045]
22186 7 1 [  5.26958955  12.28964552 -10.59608209] [-116.87313433   -2.23647388   -5.36054104] [-0.47373134  0.79343284 -0.27223881] [-9.22061567 -0.90485075 -3.06110075] [ -1.22153451e+02  -6.25000000e-02  -1.15158582e+00] [-0.78231343  0.55940299 -0.06791045]
22222 11 3 [  4.58208955  17.47714552   1.90391791] [-108.81063433   -2.86147388   -5.67304104] [ 1.00626866 -0.58656716  0.26776119] [-15.97061567  -2.21735075  -5.56110075] [ -1.22090951e+02   6.25000000e-02  -5.89085821e-01] [ 0.78768657 -0.48059701  0.16208955]
22261 11 3 [ 13.26958955  17.91464552  12.15391791] [-109.24813433   -3.54897388   -6.36054104] [-1.56373134 -1.44656716  0.55776119] [-4.72061567 -1.34235075 -1.31110075] [-122.09095149    0.125        -0.27658582] [ 0.84768657 -0.15059701  0.17208955]
22300 11 4 [ 25.01958955  13.16464552   2.65391791] [-109.31063433   -4.11147388   -7.42304104] [-1.72373134  0.71343284 -0.42223881] [-5.72061567 -1.34235075  1.56389925] [ -1.22153451e+02   1.87500000e-01   3.59141791e-02] [-0.75231343 -0.01059701 -0.04791045]
22340 9 9 [ 15.39458955  12.60214552   6.34141791] [-117.31063433   -4.48647388   -8.11054104] [-1.40373134  0.67343284  0.51776119] [ 8.59188433 -5.96735075  2.06389925] [ -1.30278451e+02   3.12500000e-01  -8.90858209e-02] [-0.65231343 -0.37059701  0.18208955]
22377 9 15 [  8.45708955   5.16464552  14.96641791] [-109.93563433   -4.73647388   -8.79804104] [ 0.71626866  0.57343284  0.05776119] [ 7.84188433 -8.65485075  3.18889925] [-122.40345149    0.5625       -0.46408582] [-0.53231343  0.20940299  0.05208955]
22415 8 16 [ 21.64458955   8.66464552  13.77891791] [-110.49813433   -4.98647388   -9.42304104] [ 0.66626866 -1.61656716  0.44776119] [ 12.65438433  -5.90485075   2.62639925] [-122.46595149    0.75         -0.83908582] [-0.76231343 -0.41059701 -0.31791045]
22453 4 18 [ 18.58208955   4.16464552  -4.28358209] [-110.49813433   -5.17397388  -10.29804104] [-0.98373134 -0.08656716 -0.33223881] [ 21.77938433  -1.27985075   5.93889925] [-122.59095149    0.8125       -1.46408582] [ 0.60768657  0.09940299 -0.03791045]
22493 2 19 [ 24.33208955   5.66464552  -2.40858209] [-110.24813433   -5.42397388  -11.29804104] [-0.77373134 -2.35656716  0.04776119] [ 25.09188433   2.47014925   2.93889925] [-122.52845149    0.75         -2.08908582] [-0.84231343 -0.03059701 -0.08791045]
22532 3 21 [ 37.39458955   4.16464552 -16.47108209] [-109.56063433   -5.67397388  -12.42304104] [-0.06373134  0.41343284  0.00776119] [ 14.27938433  -0.09235075   3.18889925] [-130.52845149    0.625        -2.83908582] [ 0.75768657  0.49940299 -0.10791045]
22570 3 21 [ 42.64458955  10.72714552  -4.97108209] [-109.24813433   -5.98647388  -13.61054104] [ 1.17626866 -1.76656716 -0.17223881] [ 11.65438433   1.78264925   2.00139925] [-130.52845149    0.5625       -3.21408582] [-0.54231343  0.16940299 -0.22791045]
22610 3 22 [ 43.70708955  15.22714552 -13.84608209] [-116.49813433   -6.54897388  -15.29804104] [ 1.48626866 -0.23656716 -0.29223881] [-8.03311567  1.78264925 -1.18610075] [-122.52845149    0.5625       -3.27658582] [-0.76231343  0.38940299  0.05208955]
22648 1 25 [ 59.26958955  22.91464552   0.46641791] [-116.18563433   -7.36147388  -17.54804104] [ 1.80626866 -3.61656716  0.06776119] [-3.72061567  7.84514925  2.00139925] [-122.59095149    0.375        -2.96408582] [ 1.14768657 -0.43059701 -0.01791045]
22688 0 22 [ 76.14458955  21.41464552 -25.59608209] [-115.43563433   -8.48647388  -20.42304104] [ 0.68626866  0.62343284 -0.84223881] [-18.47061567   6.59514925  -2.93610075] [ -1.22653451e+02   6.25000000e-02  -2.40158582e+00] [-1.23231343  0.63940299 -0.27791045]
22726 0 25 [ 86.08208955  34.66464552 -16.47108209] [-106.18563433   -9.79897388  -23.36054104] [ 1.58626866 -0.31656716 -0.37223881] [-29.47061567  10.53264925  -7.18610075] [-122.52845149   -0.1875       -1.27658582] [ 1.35768657  0.07940299  0.75208955]
22762 0 24 [ 105.01958955   15.91464552   -7.22108209] [-105.62313433  -11.11147388  -27.29804104] [-1.52373134 -2.10656716 -1.68223881] [-18.47061567  26.53264925   2.87639925] [-122.65345149   -1.           -0.33908582] [-1.37231343 -0.46059701 -0.52791045]
22800 0 30 [ 87.51958955  19.91464552 -36.72108209] [-103.87313433  -12.29897388  -30.67304104] [-1.61373134 -0.19656716 -0.61223881] [-7.65811567  2.28264925 -0.99860075] [-122.59095149   -1.3125        0.16091418] [-0.92231343 -0.24059701 -0.19791045]
22839 0 34 [ 87.01958955   6.66464552  -5.34608209] [-111.06063433  -12.79897388  -33.23554104] [ 0.86626866  1.57343284 -4.57223881] [ -2.65811567 -29.90485075  -2.24860075] [  2.37284049e+02  -6.25000000e-01   9.84141791e-02] [-0.70231343  0.11940299  0.17208955]
22875 0 33 [ 89.51958955  46.78964552   4.15391791] [-110.56063433  -13.79897388  -36.67304104] [ 1.17626866  1.49343284  5.53776119] [-12.47061567   0.40764925   4.50139925] [ 237.09654851   -0.5           0.41091418] [ 1.78768657  0.33940299  1.05208955]
22913 0 21 [ 103.89458955   36.28964552   33.90391791] [-111.18563433  -14.29897388  -41.11054104] [-1.67373134 -0.55656716  5.25776119] [ -6.22061567  96.84514925  19.87639925] [ 236.90904851   -2.4375        1.03591418] [ 1.39768657 -0.73059701  2.17208955]
22949 0 11 [ 120.45708955   28.28964552   33.59141791] [-103.87313433  -14.42397388  -46.48554104] [ 1.19626866  1.36343284  1.07776119] [  -6.40811567  171.84514925   31.06389925] [ 236.72154851   -8.1875        2.22341418] [ 0.60768657  0.56940299  1.39208955]
22989 0 3 [ 119.33208955   17.66464552   26.84141791] [-104.06063433  -14.29897388  -50.54804104] [-1.38373134  0.26343284  3.91776119] [  -1.59561567  207.53264925   33.62639925] [ 236.90904851  -15.875         3.66091418] [-0.51231343 -1.21059701  2.01208955]
23027 0 0 [ 119.70708955   19.53964552   26.77891791] [-104.18563433  -14.04897388  -55.54804104] [-4.40373134 -1.02656716  4.55776119] [ 133.90438433  209.84514925   94.50139925] [  2.36846549e+02  -2.48750000e+01   3.59141791e-02] [-1.51231343 -3.82059701  3.86208955]
23063 0 0 [ 86.14458955  17.60214552   6.65391791] [-103.99813433  -14.04897388  -59.48554104] [-3.86373134 -0.00656716  3.16776119] [ 136.71688433  186.84514925  111.12639925] [ 236.47154851  -31.1875       -5.08908582] [ 1.83768657 -3.69059701  2.43208955]
23100 0 0 [ 57.64458955  25.28964552  39.34141791] [-105.06063433  -13.61147388  -62.54804104] [-0.79373134 -1.91656716 -1.26223881] [  41.96688433  109.22014925  132.25139925] [ 233.72154851  -37.875       -14.90158582] [ 0.56768657 -3.72059701  2.66208955]
23140 0 0 [ -7.48041045  30.47714552  45.34141791] [-107.37313433  -12.79897388  -63.36054104] [ 3.43626866 -5.14656716 -3.05223881] [ -42.28311567  -34.15485075  101.93889925] [ 221.09654851  -37.75        -20.96408582] [ 11.32768657  -3.70059701  -2.73791045]
23179 0 0 [-73.35541045  29.10214552  51.71641791] [-110.68563433  -11.67397388  -61.48554104] [ 3.59626866 -7.73656716 -0.22223881] [-80.47061567 -70.52985075  -0.81110075] [ 219.15904851  -34.875       -19.33908582] [ 11.38768657  -4.22059701  -2.07791045]
23216 0 0 [-116.60541045  -12.27285448  -39.22108209] [-110.87313433  -11.92397388  -58.11054104] [ 4.25626866 -8.06656716 -2.41223881] [-53.90811567 -71.34235075 -81.81110075] [ 219.90904851  -32.5625      -14.90158582] [ 11.61768657   1.10940299  -1.54791045]
23256 0 0 [-168.91791045  -24.83535448  -77.03358209] [-117.06063433  -13.79897388  -51.23554104] [ 1.34626866 -0.85656716 -1.24223881] [-67.78311567 -81.34235075 -67.37360075] [ 229.72154851  -29.4375       -8.52658582] [ 5.96768657  1.50940299  2.49208955]
23295 0 0 [-212.16791045  -34.33535448    3.71641791] [-109.31063433  -13.48647388  -42.92304104] [ 1.33626866  0.54343284  0.74776119] [ -9.09561567 -85.52985075   3.62639925] [ 221.59654851  -25.0625       -7.46408582] [ 3.76768657 -0.84059701 -0.76791045]
23336 0 0 [-215.73041045  -60.21035448   40.15391791] [ 240.00186567  -11.11147388  -34.54804104] [ 1.70626866 -0.83656716 -1.28223881] [  1.27938433 -12.84235075 -37.87360075] [ 221.97154851  -24.0625       -7.96408582] [-1.24231343  0.26940299  1.70208955]
23377 0 0 [-216.35541045  -40.89785448  -21.15858209] [ 247.50186567   -9.54897388  -25.73554104] [ 0.27626866  0.52343284 -1.13223881] [-47.59561567  -5.46735075 -93.68610075] [ 224.28404851  -22.875        -2.90158582] [-4.32231343 -1.11059701  2.18208955]
23415 0 0 [-198.85541045  -62.21035448  -83.78358209] [-111.24813433   -8.23647388  -16.98554104] [-0.80373134  1.14343284 -1.88223881] [  10.27938433  -51.40485075 -121.62360075] [ 236.22154851  -20.125         1.09841418] [-6.51231343  1.26940299  0.89208955]
23455 0 0 [-169.91791045  -47.77285448 -110.59608209] [-115.81063433   -7.17397388   -8.73554104] [-1.39373134  4.78343284  2.97776119] [   6.46688433  -59.65485075 -116.74860075] [-119.40345149  -16.125         3.72341418] [-9.13231343  2.98940299 -0.74791045]
23495 0 0 [-119.23041045  -97.71035448  -59.22108209] [-105.12313433   -3.98647388   -2.54804104] [-2.54373134  4.45343284 -2.31223881] [  9.02938433 -73.27985075 -56.24860075] [-116.59095149  -12.3125        5.03591418] [-9.28231343  4.21940299 -4.65791045]
23537 0 0 [-87.16791045 -39.71035448 -15.47108209] [-112.18563433   -1.98647388    1.57695896] [-2.22373134  5.02343284  1.25776119] [ 26.46688433  -3.46735075  17.12639925] [-124.21595149  -11.125         3.66091418] [-6.18231343  1.73940299 -2.35791045]
23577 0 0 [-55.48041045 -21.96035448  22.02891791] [-105.06063433   -0.48647388    3.88945896] [-1.57373134  3.12343284 -1.30223881] [-16.09561567 -23.96735075  36.43889925] [-117.71595149  -11.0625        2.84841418] [-3.33231343  1.78940299 -4.76791045]
23614 0 0 [-22.91791045  -7.83535448  32.77891791] [-106.31063433   -0.23647388    5.13945896] [-1.49373134  2.20343284 -0.67223881] [-25.78311567   5.47014925  26.81389925] [-119.21595149  -11.0625        2.78591418] [-1.95231343  1.76940299 -4.97791045]
23651 0 0 [ -4.16791045  -3.64785448  53.34141791] [-108.24813433   -0.42397388    5.26445896] [-0.94373134 -0.30656716  0.13776119] [ 12.65438433  60.78264925  49.37639925] [-120.59095149  -13.125         2.47341418] [-1.37231343 -1.16059701 -2.13791045]
23692 0 0 [  9.14458955  -4.71035448  11.71641791] [-116.87313433   -0.29897388    4.76445896] [-0.37373134  1.65343284 -0.29223881] [ 51.27938433  67.59514925  17.50139925] [-120.46595149  -15.75          0.72341418] [-3.11231343  0.09940299  0.39208955]
23729 0 0 [ 28.20708955  -0.46035448 -33.03358209] [-107.31063433   -0.11147388    3.95195896] [ 1.47626866 -0.53656716  1.51776119] [ 68.77938433  47.47014925 -38.68610075] [-126.77845149  -17.0625        0.16091418] [-1.41231343  1.92940299 -2.88791045]
23765 0 2 [ 53.20708955   3.85214552 -74.15858209] [-105.62313433   -0.11147388    2.57695896] [-0.96373134  5.04343284 -0.89223881] [-216.78311567   79.90764925  -96.49860075] [-116.34095149  -18.1875        4.22341418] [-19.12231343 -27.19059701  22.65208955]
23802 0 8 [  52.89458955   30.41464552  101.96641791] [-105.31063433   -1.17397388    0.38945896] [-1.66373134 -8.44656716  3.50776119] [  59.15438433 -174.96735075  -85.99860075] [-121.21595149  -11.75          6.22341418] [ 1.78768657 -7.01059701  0.76208955]
23842 0 15 [ 29.64458955  56.72714552 -30.47108209] [-106.12313433   -2.54897388   -1.29804104] [-6.43373134 -2.19656716  4.17776119] [  34.27938433 -148.65485075   -2.74860075] [-121.34095149   -6.1875        3.41091418] [ 0.39768657 -0.10059701  0.26208955]
23883 0 15 [ 55.83208955   7.22714552  65.59141791] [-108.74813433   -2.61147388   -3.67304104] [ 5.32626866 -1.45656716  2.82776119] [  33.65438433 -127.90485075   15.81389925] [-122.65345149   -1.875         0.84841418] [ 1.01768657  1.09940299  2.16208955]
23920 0 14 [ 72.39458955  88.28964552 -28.15858209] [-108.43563433   -5.48647388   -6.36054104] [  6.71626866   2.63343284  15.35776119] [-4.84561567 -9.02985075  4.93889925] [ -1.14778451e+02  -6.25000000e-01  -8.90858209e-02] [-0.96231343 -0.43059701 -0.17791045]
23957 1 15 [ 82.89458955 -19.83535448 -75.65858209] [-114.68563433   -4.04897388   -8.48554104] [-9.17373134  2.95343284 -5.34223881] [-3.65811567 -5.40485075 -0.62360075] [-114.90345149   -0.625         0.72341418] [-1.39231343 -3.01059701 -0.61791045]
23997 0 17 [ 28.39458955  29.53964552 -31.47108209] [-113.06063433   -6.04897388  -10.04804104] [ 0.51626866  1.38343284  3.59776119] [ 43.90438433 -24.96735075   8.25139925] [ -1.23090951e+02   6.25000000e-02  -7.76585821e-01] [-0.07231343  1.08940299  0.36208955]
24038 1 18 [ 37.33208955  -3.14785448 -50.34608209] [-103.62313433   -6.98647388  -11.11054104] [-0.92373134  2.33343284 -2.55223881] [ 27.34188433  -5.71735075   2.87639925] [-123.09095149    0.4375       -2.08908582] [-0.73231343  0.02940299 -0.07791045]
24076 1 16 [ 20.64458955  26.78964552 -20.15858209] [-109.99813433   -7.11147388  -11.61054104] [ 0.68626866  0.80343284  0.93776119] [ 7.52938433 -1.46735075  1.43889925] [-115.09095149    0.5          -2.65158582] [-0.71231343  0.39940299 -0.07791045]
24113 1 17 [ 10.08208955  -1.83535448   2.02891791] [-109.74813433   -7.36147388  -12.17304104] [-0.92373134 -0.20656716 -1.18223881] [ 8.96688433  0.59514925  0.31389925] [-115.02845149    0.4375       -2.90158582] [-0.87231343  0.04940299 -0.05791045]
24151 0 18 [ 10.33208955   4.53964552  -4.03358209] [-109.68563433   -7.67397388  -12.67304104] [-1.03373134 -0.71656716 -0.08223881] [ 7.02938433 -0.65485075 -0.12360075] [-115.02845149    0.4375       -3.02658582] [-0.73231343 -0.02059701 -0.07791045]
24190 0 19 [ 20.45708955   2.22714552   1.90391791] [-109.56063433   -7.86147388  -13.54804104] [ 1.28626866 -2.13656716 -0.46223881] [  7.52938433e+00  -1.65485075e+00   1.39925373e-03] [-123.02845149    0.5          -3.02658582] [-0.87231343  0.45940299 -0.21791045]
24227 0 17 [ 42.33208955  16.03964552 -31.90858209] [-108.68563433   -8.48647388  -14.29804104] [ 0.73626866 -0.29656716 -1.12223881] [ 5.65438433 -0.65485075 -1.62360075] [-122.96595149    0.5625       -3.02658582] [-0.67231343  0.31940299 -0.18791045]
24263 0 21 [ 42.26958955  26.53964552 -18.53358209] [-107.62313433   -9.48647388  -15.67304104] [ 1.15626866 -0.39656716  0.01776119] [-3.65811567  0.59514925 -3.81110075] [-114.84095149    0.5625       -2.96408582] [ 0.68768657  0.34940299  0.38208955]
24302 0 27 [ 46.58208955  22.66464552 -17.78358209] [-106.68563433  -10.48647388  -17.42304104] [-1.91373134 -2.23656716  0.50776119] [-6.47061567  7.15764925 -2.68610075] [-114.71595149    0.375        -2.65158582] [-1.18231343  0.07940299 -0.17791045]
24342 0 25 [ 54.95708955   2.10214552 -18.15858209] [-105.74813433  -11.04897388  -19.54804104] [ 0.91626866 -0.95656716 -2.20223881] [-3.72061567 -0.65485075 -1.12360075] [-122.65345149    0.375        -2.58908582] [ 1.34768657  0.26940299  0.21208955]
24382 0 25 [ 91.39458955  32.03964552  -6.15858209] [-105.37313433  -12.67397388  -22.48554104] [-0.80373134 -0.16656716  1.34776119] [-11.97061567  11.90764925  -1.24860075] [-122.65345149    0.           -2.15158582] [-1.05231343  0.92940299 -0.16791045]
24418 0 27 [ 88.76958955  -4.96035448 -23.97108209] [-103.99813433  -12.92397388  -25.73554104] [-0.70373134  0.08343284 -1.78223881] [-18.84561567   6.84514925  -1.93610075] [-122.65345149   -0.25         -1.58908582] [-1.21231343 -0.03059701 -0.16791045]
24453 0 34 [ 87.20708955  27.97714552 -22.22108209] [-103.12313433  -13.98647388  -28.11054104] [ 0.63626866  1.39343284  1.51776119] [-20.90811567  11.78264925   3.12639925] [-122.71595149   -0.375        -0.96408582] [-0.43231343  0.51940299  0.53208955]
24475 0 35 [ 73.70708955  54.97714552   2.46641791] [-102.99813433  -15.29897388  -30.67304104] [ 0.84626866  0.45343284  3.19776119] [-31.53311567  34.65764925  13.56389925] [-122.96595149   -1.           -0.46408582] [-0.24231343 -0.17059701  0.46208955]
24499 0 27 [ 90.08208955  43.10214552  28.84141791] [-103.37313433  -15.79897388  -32.86054104] [-1.41373134  1.57343284 -1.99223881] [-37.84561567  47.90764925  28.37639925] [-123.40345149   -2.            0.16091418] [-0.91231343 -0.13059701  0.22208955]
24521 0 21 [ 83.20708955  70.85214552  41.02891791] [-103.99813433  -16.42397388  -35.17304104] [-0.63373134  1.17343284 -0.92223881] [-46.15811567  62.03264925  38.81389925] [-124.15345149   -3.25          0.84841418] [ 0.08768657 -0.06059701  1.13208955]
24543 0 19 [ 79.14458955  84.53964552  56.21641791] [-105.74813433  -17.54897388  -38.92304104] [-1.57373134 -0.39656716  4.27776119] [-46.03311567  91.65764925  48.12639925] [-125.34095149   -6.            2.03591418] [-0.69231343 -0.04059701  0.64208955]
24563 0 9 [ 91.08208955  70.16464552  67.15391791] [-106.87313433  -17.79897388  -41.61054104] [-2.54373134 -0.68656716  0.84776119] [ -35.84561567  106.15764925   52.00139925] [-126.15345149   -8.25          2.66091418] [-0.54231343 -0.43059701  0.53208955]
24586 0 9 [ 100.64458955   60.10214552   48.84141791] [-107.74813433  -17.98647388  -44.36054104] [-2.18373134 -0.69656716  1.73776119] [ -28.90811567  123.78264925   54.00139925] [-126.90345149  -10.75          3.22341418] [ 0.68768657 -1.08059701  1.59208955]
24607 0 8 [ 100.58208955   53.22714552   44.40391791] [-108.43563433  -18.23647388  -47.04804104] [-2.03373134 -0.23656716  4.80776119] [  -8.03311567  157.09514925   58.25139925] [-127.52845149  -13.8125        3.59841418] [ 0.24768657 -0.59059701  2.12208955]
24630 0 0 [ 103.51958955   38.97714552   20.59141791] [-108.68563433  -18.48647388  -49.61054104] [-1.37373134  0.50343284  6.93776119] [  24.90438433  199.28264925   77.50139925] [-128.09095149  -17.6875        3.47341418] [ 0.43768657 -1.92059701  3.89208955]
24653 0 0 [ 109.51958955   36.16464552   18.46641791] [-108.68563433  -18.67397388  -52.11054104] [-4.03373134 -0.35656716  5.48776119] [  78.02938433  240.59514925  100.50139925] [-128.71595149  -25.125         1.16091418] [-1.48231343 -1.45059701  5.21208955]
24677 0 0 [ 100.51958955   28.22714552   -9.15858209] [-108.24813433  -19.11147388  -55.73554104] [-1.03373134  3.14343284  3.43776119] [ 153.02938433  225.40764925  100.06389925] [-128.65345149  -30.           -2.15158582] [-1.96231343 -1.12059701  3.21208955]
24701 0 0 [ 75.33208955  20.22714552   9.65391791] [-108.06063433  -19.29897388  -57.61054104] [-0.25373134  0.58343284  2.54776119] [ 130.77938433  211.78264925   77.56389925] [-128.34095149  -34.4375       -5.08908582] [ 2.47768657 -2.47059701  2.96208955]
24724 0 0 [ 65.08208955   2.97714552  19.96641791] [-107.93563433  -19.04897388  -59.73554104] [-1.01373134 -4.06656716  0.53776119] [  91.34188433  185.65764925   41.31389925] [-127.65345149  -40.5          -8.96408582] [-2.01231343 -2.15059701  3.34208955]
24749 0 0 [ 39.76958955 -20.39785448 -24.78358209] [-107.18563433  -19.11147388  -60.42304104] [-1.38373134 -3.92656716 -5.09223881] [ 13.77938433  77.03264925  10.75139925] [-127.40345149  -42.5625       -9.33908582] [ 6.14768657  0.39940299  5.08208955]
24771 0 0 [  9.08208955  -5.02285448 -33.65858209] [-106.18563433  -19.61147388  -60.48554104] [ 1.48626866 -3.38656716 -5.04223881] [-56.59561567 -71.65485075  48.68889925] [-128.71595149  -42.125        -9.90158582] [ 12.60768657  -1.87059701  -1.79791045]
24793 0 0 [-55.66791045  -2.96035448  21.90391791] [-107.18563433  -19.17397388  -59.29804104] [ 2.41626866 -4.33656716 -0.53223881] [-38.28311567 -97.15485075  44.12639925] [ 229.22154851  -39.6875      -12.08908582] [ 10.17768657  -5.92059701  -1.15791045]
24815 0 0 [-110.60541045  -22.64785448   38.40391791] [-108.43563433  -18.48647388  -57.54804104] [ 3.41626866 -5.60656716  0.60776119] [ -72.53311567 -107.77985075  -40.93610075] [ 228.78404851  -37.5625      -10.46408582] [ 10.40768657  -4.55059701  -0.71791045]
24839 0 0 [-132.91791045  -66.27285448   20.09141791] [-109.06063433  -17.29897388  -54.79804104] [ 3.04626866 -6.86656716 -2.20223881] [ -64.47061567 -102.84235075  -78.68610075] [-130.65345149  -35.3125       -7.65158582] [ 9.75768657 -1.72059701 -0.89791045]
24860 0 0 [-153.41791045  -61.08535448  -33.78358209] [-108.93563433  -16.86147388  -51.42304104] [ 1.15626866 -6.83656716 -3.99223881] [-61.34561567 -98.21735075 -78.68610075] [-129.90345149  -33.0625       -4.83908582] [ 8.48768657  0.91940299 -0.49791045]
24883 0 0 [-181.54291045  -39.33535448  -32.15858209] [-108.68563433  -16.79897388  -47.61054104] [ 1.88626866 -1.48656716 -1.95223881] [-32.47061567 -90.40485075 -39.24860075] [-129.52845149  -30.25         -3.58908582] [ 7.03768657  2.39940299 -1.20791045]
24905 0 0 [-214.73041045  -42.27285448    8.27891791] [-109.49813433  -16.04897388  -41.29804104] [ 1.88626866  0.46343284 -2.07223881] [  7.15438433 -60.96735075  32.06389925] [-130.02845149  -29.125        -4.77658582] [ 6.92768657  2.61940299 -1.34791045]
24927 0 0 [-234.04291045  -50.27285448   52.09141791] [-111.06063433  -14.86147388  -36.98554104] [ 0.98626866  1.24343284 -2.38223881] [-13.97061567 -32.84235075  58.25139925] [ 228.78404851  -28.6875       -6.27658582] [ 4.13768657  1.51940299  1.92208955]
24953 0 0 [-249.54291045  -70.89785448   87.96641791] [-113.24813433  -12.98647388  -32.54804104] [ 1.39626866  0.34343284 -3.89223881] [-60.34561567 -27.46735075  45.50139925] [ 227.28404851  -28.5          -6.77658582] [-0.44231343 -3.94059701  1.81208955]
24973 0 0 [-261.91791045  -70.27285448   82.46641791] [-116.43563433  -10.11147388  -25.54804104] [ 0.98626866 -1.52656716 -3.90223881] [-56.09561567 -70.15485075  -9.12360075] [ 226.53404851  -27.375        -6.21408582] [-0.71231343 -2.57059701  0.02208955]
24994 0 0 [-255.66791045  -57.64785448   45.15391791] [-117.74813433   -8.98647388  -20.79804104] [ 0.34626866 -1.95656716 -1.87223881] [-46.78311567 -40.40485075 -75.81110075] [ 227.90904851  -25.625        -2.90158582] [-6.34231343 -1.11059701  2.24208955]
25015 0 0 [-229.54291045  -29.21035448  -57.22108209] [-117.68563433   -8.61147388  -16.04804104] [-1.59373134 -0.60656716  2.92776119] [ -14.28311567   -9.02985075 -129.18610075] [ -1.29903451e+02  -2.47500000e+01   3.59141791e-02] [-9.11231343  0.53940299  2.71208955]
25040 0 0 [-208.04291045  -66.21035448 -130.28358209] [-115.99813433   -7.92397388  -11.29804104] [-2.67373134  1.69343284  2.51776119] [   6.71688433  -43.40485075 -130.87360075] [-127.40345149  -23.125         2.22341418] [-11.31231343   3.02940299   1.94208955]
25062 0 0 [-189.16791045  -84.89785448 -154.72108209] [-113.49813433   -6.67397388   -6.73554104] [-4.22373134  5.46343284  1.52776119] [  13.27938433  -67.52985075 -110.68610075] [-125.21595149  -21.125         3.59841418] [-13.17231343   4.19940299   1.07208955]
25085 0 0 [-142.35541045  -62.21035448 -119.03358209] [-109.93563433   -4.79897388   -1.23554104] [-3.74373134  9.55343284  3.10776119] [ 17.34188433 -90.09235075 -71.49860075] [-123.46595149  -17.875         3.78591418] [-11.87231343   8.35940299  -4.08791045]
25105 0 0 [-102.54291045  -92.14785448  -34.03358209] [-109.18563433   -3.11147388    1.07695896] [-3.22373134  7.20343284  1.37776119] [   4.96688433 -112.46735075  -16.87360075] [-123.71595149  -15.9375        2.91091418] [-10.02231343   2.55940299  -5.60791045]
25132 0 0 [-83.91791045 -88.46035448  20.52891791] [-109.62313433   -1.36147388    2.70195896] [-2.84373134  4.67343284 -1.00223881] [ 40.90438433 -72.46735075  34.50139925] [-124.34095149  -14.75          1.28591418] [-9.04231343  0.82940299 -6.73791045]
25154 0 0 [-67.29291045 -58.27285448  44.96641791] [-111.06063433    0.20102612    4.26445896] [-1.31373134  2.27343284 -1.64223881] [ 41.40438433 -46.84235075  27.56389925] [-124.96595149  -13.75         -0.77658582] [-6.53231343  0.92940299 -9.12791045]
25177 0 0 [-17.91791045 -11.52285448  42.77891791] [-111.87313433    0.45102612    4.57695896] [-1.30373134  1.68343284 -1.99223881] [-11.65811567   5.15764925   6.12639925] [-125.15345149  -13.6875       -1.02658582] [-5.32231343  2.08940299 -8.29791045]
25203 0 0 [  9.20708955  14.03964552  28.77891791] [-112.56063433    0.20102612    4.38945896] [-1.98373134  1.57343284 -1.83223881] [-37.78311567  46.47014925  10.75139925] [-125.40345149  -14.4375       -0.27658582] [-3.91231343  2.22940299 -3.55791045]
25224 0 0 [ 25.89458955  30.97714552   6.77891791] [-112.68563433   -0.73647388    3.51445896] [-2.82373134  2.37343284 -0.03223881] [-25.90811567  63.47014925  30.87639925] [-125.90345149  -15.75          0.22341418] [-2.80231343  2.74940299 -2.47791045]
25245 0 0 [ 29.33208955  39.60214552  18.40391791] [-113.12313433   -1.36147388    2.82695896] [-2.26373134  3.39343284  1.53776119] [-15.40811567  65.15764925  50.50139925] [-127.15345149  -18.            0.22341418] [-5.76231343  0.21940299 -0.35791045]
25266 0 0 [ 41.14458955  -4.08535448  70.27891791] [-114.31063433   -1.42397388    1.82695896] [-1.25373134  2.70343284 -0.69223881] [-39.78311567  40.90764925  23.68889925] [-127.90345149  -19.1875        0.72341418] [-4.32231343 -3.27059701  4.71208955]
25293 0 3 [ 61.45708955  32.91464552  62.96641791] [-115.49813433   -1.98647388    0.45195896] [-3.57373134 -0.02656716  1.04776119] [-220.59561567  113.72014925  -65.99860075] [-128.02845149  -20.125         5.16091418] [-14.55231343 -20.14059701  31.78208955]
25315 0 10 [ 69.08208955  48.35214552  19.90391791] [-115.93563433   -3.42397388   -1.86054104] [  1.26626866 -11.34656716   6.66776119] [  52.59188433 -294.71735075 -123.87360075] [-126.09095149  -16.0625        6.59841418] [ -2.61231343 -10.44059701   3.59208955]
25340 0 17 [ 46.45708955  -4.64785448 -35.97108209] [-115.87313433   -3.67397388   -2.92304104] [-4.24373134 -8.84656716  5.19776119] [  83.71688433 -200.59235075  -48.56110075] [-124.34095149   -9.5625        3.97341418] [-0.07231343 -1.35059701  1.33208955]
25366 0 18 [ 37.01958955  10.53964552 -28.53358209] [-115.06063433   -3.61147388   -3.48554104] [-1.24373134 -1.35656716  5.25776119] [  54.90438433 -157.52985075    4.25139925] [-116.46595149   -6.5625        2.16091418] [ 0.73768657  0.61940299  0.61208955]
25407 0 27 [ 46.51958955  -6.08535448 -12.15858209] [-114.43563433   -4.04897388   -5.42304104] [ 1.05626866  0.19343284  0.46776119] [  41.77938433 -148.27985075   17.93889925] [-118.15345149   -0.375        -1.65158582] [ 3.99768657 -1.37059701  3.40208955]
25447 0 28 [  67.39458955  171.78964552   27.52891791] [-106.18563433   -7.29897388   -7.79804104] [  6.49626866   2.65343284  14.09776119] [  6.02938433  -4.09235075  14.00139925] [-118.46595149    0.6875       -2.71408582] [-1.34231343  0.82940299 -0.28791045]
25487 1 33 [ 69.51958955  24.60214552 -38.28358209] [-114.18563433   -5.23647388  -10.42304104] [ -6.12373134   5.99343284 -10.32223881] [-8.28311567 -6.59235075  0.75139925] [-118.46595149    0.75         -2.40158582] [ 0.60768657  0.16940299  0.13208955]
25525 0 35 [ 36.64458955  80.91464552   4.15391791] [-106.74813433   -7.73647388  -11.73554104] [-1.25373134 -1.63656716  4.11776119] [ 9.46688433 -6.15485075 -2.43610075] [-118.52845149    1.0625       -2.71408582] [ 0.61768657  0.03940299 -0.04791045]
25563 2 38 [ 20.70708955 -17.96035448 -25.09608209] [-105.49813433   -7.17397388  -12.42304104] [-1.01373134  0.45343284 -3.50223881] [ 8.09188433 -0.71735075 -0.18610075] [-118.46595149    1.1875       -2.77658582] [-0.84231343 -0.27059701 -0.03791045]
25605 2 36 [ 22.33208955  -2.46035448  -4.65858209] [-112.99813433   -7.79897388  -13.11054104] [-0.67373134 -0.09656716  0.28776119] [ 10.34188433   0.78264925  -0.56110075] [-126.40345149    1.125        -3.15158582] [-0.18231343 -0.29059701  0.03208955]
25645 2 32 [ 21.83208955   5.10214552 -18.90858209] [-112.37313433   -7.79897388  -13.67304104] [-0.22373134 -0.32656716  0.02776119] [ 12.27938433   0.40764925  -0.06110075] [-126.34095149    1.0625       -3.52658582] [-0.61231343  0.55940299 -0.53791045]
25685 1 31 [ 24.89458955   4.91464552  -3.97108209] [-111.74813433   -7.98647388  -14.23554104] [ 1.28626866 -1.10656716 -0.34223881] [-6.15811567  2.90764925 -2.99860075] [-126.21595149    1.           -3.46408582] [ 0.58768657 -0.09059701  0.16208955]
25724 1 32 [ 41.89458955  12.47714552  -1.03358209] [-103.56063433   -8.29897388  -15.42304104] [ 1.20626866 -4.58656716 -0.49223881] [-6.90811567 -3.27985075 -2.18610075] [-118.21595149    1.0625       -3.21408582] [ 1.54768657 -1.74059701 -0.58791045]
25762 0 31 [ 54.45708955  27.16464552 -29.53358209] [-110.56063433   -9.23647388  -17.11054104] [ 1.08626866 -0.65656716  0.27776119] [-2.97061567 -1.90485075 -1.56110075] [-118.15345149    1.0625       -3.21408582] [ 0.73768657  0.30940299 -0.12791045]
25802 3 34 [ 69.70708955  26.78964552 -17.47108209] [-109.31063433  -10.29897388  -19.11054104] [-0.51373134 -1.16656716 -0.35223881] [-4.78311567  3.59514925 -2.56110075] [-118.09095149    1.0625       -3.02658582] [-1.06231343  0.24940299  0.06208955]
25845 0 35 [ 85.20708955  22.22714552  -8.72108209] [-108.49813433  -11.29897388  -22.04804104] [ 0.46626866 -2.03656716 -1.02223881] [-10.28311567   2.47014925  -1.62360075] [-126.02845149    1.           -2.83908582] [-0.08231343 -0.17059701 -0.14791045]
25887 0 41 [ 87.64458955  15.85214552 -11.47108209] [-107.62313433  -12.48647388  -25.42304104] [-1.24373134  0.41343284 -2.66223881] [-13.97061567  -2.90485075  -1.43610075] [-126.09095149    1.           -2.46408582] [ 1.12768657  0.01940299 -0.02791045]
25924 0 39 [ 91.70708955  47.22714552  -4.78358209] [-106.87313433  -13.73647388  -29.17304104] [ 1.20626866  0.02343284  1.63776119] [-22.65811567   9.90764925  -0.37360075] [-118.15345149    0.9375       -1.83908582] [ 1.31768657  0.06940299  0.53208955]
25962 0 29 [ 106.95708955   36.41464552    4.09141791] [-106.31063433  -15.04897388  -33.48554104] [-1.29373134 -0.56656716  1.34776119] [-23.78311567  49.59514925  13.62639925] [-118.40345149   -0.375        -0.90158582] [ 0.71768657 -0.58059701  0.67208955]
26004 0 12 [ 119.14458955   68.28964552   30.40391791] [-106.49813433  -16.29897388  -38.61054104] [-0.69373134  0.92343284  3.60776119] [ -26.22061567  118.97014925   52.93889925] [ -1.19403451e+02  -4.31250000e+00  -2.65858209e-02] [-0.13231343 -0.46059701  1.40208955]
26046 0 0 [ 136.33208955   79.35214552   53.40391791] [-108.31063433  -17.17397388  -45.04804104] [-0.71373134  0.58343284  7.90776119] [  12.77938433  201.78264925  100.18889925] [ -1.29590951e+02  -1.15625000e+01   9.84141791e-02] [ 0.66768657 -1.28059701  3.61208955]
26085 0 0 [ 137.64458955   49.60214552   52.96641791] [-109.99813433  -17.54897388  -51.67304104] [ 1.32626866  0.44343284  6.69776119] [ 124.77938433  257.84514925  113.75139925] [ 236.65904851  -22.           -4.15158582] [-0.68231343 -1.16059701  5.60208955]
26124 0 0 [ 136.70708955   36.10214552   12.77891791] [-110.43563433  -17.73647388  -57.98554104] [-0.94373134 -0.28656716  1.54776119] [ 136.52938433  243.97014925   72.93889925] [ 236.78404851  -32.375        -9.90158582] [ 5.84768657  0.39940299 -0.63791045]
26162 0 0 [ 54.45708955  -3.46035448  15.96641791] [-109.62313433  -17.92397388  -61.54804104] [-1.09373134 -1.57656716 -2.88223881] [ 102.34188433  226.09514925   49.81389925] [-122.40345149  -41.375       -15.33908582] [ 0.60768657 -1.81059701  1.97208955]
26203 0 0 [ 25.01958955 -17.89785448   3.40391791] [-109.49813433  -17.23647388  -62.73554104] [ 1.06626866 -5.70656716 -8.34223881] [-29.97061567  -5.77985075  61.93889925] [ 235.97154851  -43.0625      -20.58908582] [ 9.20768657 -9.16059701  1.08208955]
26244 0 0 [-84.23041045  -3.89785448  26.90391791] [-110.87313433  -16.29897388  -60.98554104] [ 2.33626866 -4.99656716 -0.81223881] [-45.28311567 -70.27985075   2.37639925] [ 234.72154851  -40.1875      -21.27658582] [ 8.14768657 -5.05059701 -1.37791045]
26284 0 0 [-132.73041045  -52.58535448  -14.28358209] [-111.43563433  -15.61147388  -55.98554104] [ 0.77626866 -4.52656716 -2.13223881] [-37.47061567 -76.27985075 -55.68610075] [ 235.40904851  -36.8125      -15.90158582] [ 5.88768657 -0.90059701  2.47208955]
26322 0 0 [-182.73041045  -50.46035448  -22.09608209] [-103.37313433  -15.04897388  -48.61054104] [ 1.73626866 -3.26656716 -2.62223881] [ -70.15811567 -131.02985075  -57.93610075] [ 236.09654851  -32.125       -11.02658582] [ 5.85768657 -0.04059701 -1.73791045]
26361 0 0 [-212.10541045  -43.27285448    2.02891791] [-103.99813433  -14.11147388  -40.11054104] [ 1.70626866  0.17343284 -1.41223881] [-44.84561567 -60.52985075 -18.99860075] [ 235.97154851  -29.125        -8.52658582] [ 3.94768657  1.72940299  1.22208955]
26401 0 0 [-242.16791045  -58.21035448   50.15391791] [-106.62313433  -11.61147388  -31.04804104] [ 0.45626866  0.25343284 -2.01223881] [-43.84561567 -31.65485075   6.56389925] [ 234.84654851  -28.0625       -7.71408582] [-3.80231343 -5.08059701  4.22208955]
26442 0 0 [-233.85541045  -34.39785448  -17.90858209] [-108.62313433   -9.11147388  -21.79804104] [-0.34373134 -1.55656716 -0.94223881] [ -18.78311567  -72.46735075 -119.56110075] [-121.84095149  -24.5          -3.52658582] [-3.76231343  0.17940299  0.90208955]
26482 0 0 [-186.41791045  -59.27285448 -147.59608209] [-113.43563433   -8.73647388  -12.61054104] [-3.03373134  1.63343284  2.47776119] [  -9.65811567  -33.34235075 -124.74860075] [-117.34095149  -21.3125        1.53591418] [-9.66231343  4.12940299 -0.81791045]
26520 0 0 [-164.04291045  -85.21035448  -82.15858209] [-109.49813433   -6.04897388   -4.11054104] [-3.63373134  9.09343284  0.16776119] [  7.59188433 -27.21735075 -55.87360075] [-115.21595149  -19.9375        2.97341418] [-9.33231343  4.67940299  0.33208955]
26560 0 0 [-121.10541045  -69.27285448   13.84141791] [-110.06063433   -3.23647388    0.70195896] [-1.26373134  3.67343284  0.90776119] [ 73.65438433 -79.34235075  10.93889925] [-122.40345149  -17.8125        1.03591418] [-7.01231343  2.67940299 -4.28791045]
26599 0 0 [-72.10541045 -56.89785448  37.27891791] [-103.93563433   -1.11147388    3.26445896] [ 1.21626866  0.49343284 -2.32223881] [  8.90438433 -94.27985075   1.31389925] [-114.84095149  -14.375        -2.33908582] [ -2.02231343  -0.16059701 -10.62791045]
26641 0 0 [-47.10541045 -18.96035448 -17.28358209] [-111.74813433   -0.23647388    5.07695896] [-3.01373134  2.45343284 -0.74223881] [-40.47061567  26.34514925 -17.24860075] [-122.59095149  -13.75         -0.96408582] [-6.54231343  3.02940299 -3.81791045]
26681 0 0 [ 28.51958955   6.47714552  23.71641791] [-103.56063433   -1.36147388    4.51445896] [-0.99373134 -0.33656716 -1.08223881] [ 41.09188433  41.22014925  48.62639925] [-115.15345149  -15.0625       -0.65158582] [ 1.07768657  4.41940299  2.27208955]
26717 0 1 [  6.26958955 -28.39785448  -1.84608209] [-104.12313433   -0.54897388    3.82695896] [ 0.88626866  9.63343284 -2.44223881] [-100.22061567   66.84514925  -17.87360075] [-116.40345149  -17.75         -1.27658582] [-27.42231343 -23.40059701  22.19208955]
26758 0 13 [ 55.83208955  86.85214552  43.52891791] [-105.74813433   -2.79897388    1.63945896] [-1.06373134 -4.58656716  9.08776119] [  22.46688433 -245.09235075 -107.24860075] [-121.46595149   -9.75          4.09841418] [ 9.14768657 -7.60059701  6.84208955]
26799 1 12 [ 55.95708955 -21.27285448  30.46641791] [-105.06063433   -3.17397388   -1.17304104] [-11.16373134  -1.85656716   7.00776119] [  54.59188433 -158.84235075   15.87639925] [-121.40345149   -2.4375        1.41091418] [ 0.51768657 -0.70059701  2.73208955]
26840 2 6 [ 95.14458955  46.03964552  27.40391791] [-105.81063433   -4.36147388   -4.73554104] [ 11.98626866  -5.40656716  20.80776119] [ 9.77938433 -2.59235075  7.12639925] [-122.15345149   -0.125        -1.08908582] [-2.00231343  2.90940299 -0.15791045]
26878 6 8 [  85.14458955 -115.64785448 -187.53358209] [-109.06063433   -4.11147388   -7.54804104] [ -6.95373134  12.37343284 -17.98223881] [-2.47061567 -4.84235075 -4.68610075] [-122.15345149   -0.25         -0.58908582] [-0.87231343 -1.02059701 -0.17791045]
26918 8 10 [ 23.26958955  83.22714552  31.09141791] [-108.93563433   -6.17397388   -8.86054104] [-0.95373134  0.76343284  6.20776119] [  1.77938433 -10.77985075  -7.87360075] [-121.96595149    0.25         -0.58908582] [-0.90231343 -0.23059701  0.19208955]
26960 9 11 [ 17.58208955   3.53964552  24.77891791] [-109.87313433   -6.36147388   -9.98554104] [-0.94373134 -1.96656716 -1.88223881] [ 7.46688433 -9.71735075 -3.74860075] [-121.71595149    0.6875       -0.90158582] [-0.71231343 -0.15059701 -0.15791045]
27001 9 7 [ 15.39458955   9.53964552 -38.59608209] [-108.37313433   -6.48647388  -10.29804104] [-0.00373134  0.93343284  2.09776119] [ 12.02938433   1.59514925  -6.12360075] [-121.46595149    0.875        -1.33908582] [-0.30231343  0.43940299 -0.24791045]
27041 7 7 [  9.26958955  -3.27285448 -27.47108209] [-106.81063433   -6.42397388  -10.61054104] [ 0.83626866  2.20343284 -0.50223881] [ 6.34188433  7.78264925 -6.87360075] [-121.09095149    0.6875       -1.40158582] [-0.53231343  1.47940299  0.14208955]
27080 7 9 [  5.51958955  19.53964552  19.02891791] [-106.81063433   -6.79897388  -10.86054104] [-0.55373134 -1.28656716  0.75776119] [-21.47061567   3.40764925  -1.81110075] [-121.02845149    0.5625       -0.83908582] [-0.77231343 -0.57059701 -0.11791045]
27116 5 11 [ 11.01958955  15.60214552  16.77891791] [-107.31063433   -7.04897388  -11.42304104] [-0.79373134 -2.62656716  0.27776119] [-11.78311567   2.47014925   0.43889925] [-121.09095149    0.4375       -0.33908582] [-0.79231343 -0.27059701  0.01208955]
27154 4 17 [ 26.14458955  17.72714552  12.84141791] [-107.56063433   -7.61147388  -12.42304104] [-0.44373134 -2.54656716 -0.18223881] [ 0.27938433 -2.40485075  2.18889925] [-121.15345149    0.4375       -0.33908582] [ 0.72768657 -0.59059701 -0.12791045]
27191 3 13 [ 52.70708955  17.97714552  -4.34608209] [-107.68563433   -8.23647388  -14.17304104] [-0.39373134 -1.71656716 -0.64223881] [ 7.40438433 -2.46735075  4.18889925] [-121.21595149    0.5          -0.65158582] [-1.07231343  0.35940299 -0.17791045]
27228 1 17 [ 57.45708955  23.72714552 -22.34608209] [-106.68563433   -9.29897388  -16.23554104] [-0.56373134 -1.98656716  0.14776119] [ 10.96688433   0.28264925   5.37639925] [-121.34095149    0.5          -0.96408582] [-0.86231343  0.24940299 -0.00791045]
27266 0 19 [ 76.08208955  23.22714552 -28.65858209] [-105.68563433  -10.23647388  -18.29804104] [ 1.24626866  1.06343284 -1.67223881] [-0.59561567 -1.90485075  1.37639925] [-121.40345149    0.5          -1.08908582] [ 0.90768657  0.36940299  0.17208955]
27305 0 27 [ 80.70708955  41.53964552  -9.65858209] [-104.56063433  -11.73647388  -21.29804104] [-1.99373134 -0.37656716 -0.49223881] [-6.47061567  1.72014925  3.75139925] [-121.59095149    0.4375       -0.96408582] [-1.38231343  0.11940299 -0.22791045]
27346 0 29 [ 84.64458955  33.03964552  -8.84608209] [-103.74813433  -13.04897388  -24.73554104] [-0.64373134  0.40343284 -2.04223881] [-11.72061567   3.22014925   2.62639925] [-121.71595149    0.3125       -0.71408582] [ 0.89768657  0.04940299  0.08208955]
27386 0 31 [ 101.14458955   32.03964552   -0.90858209] [-95.12313433 -14.79897388 -29.54804104] [-1.83373134  0.57343284 -1.62223881] [-20.97061567  11.59514925   4.37639925] [-121.90345149    0.           -0.21408582] [ 0.83768657 -0.40059701  0.11208955]
27422 0 31 [ 86.26958955  35.97714552   3.09141791] [-102.74813433  -15.61147388  -32.42304104] [-0.80373134  0.55343284 -1.27223881] [-24.15811567  11.40764925  12.43889925] [-122.34095149   -0.5625        0.47341418] [ 0.58768657  0.21940299  0.14208955]
27463 0 26 [ 88.26958955  43.22714552  18.65391791] [-94.87313433 -16.67397388 -36.48554104] [-0.82373134  1.20343284  1.42776119] [-38.40811567  39.40764925  15.62639925] [-122.90345149   -1.625         1.53591418] [ 0.09768657 -0.49059701  0.75208955]
27504 0 19 [ 103.26958955   51.28964552   40.65391791] [-103.74813433  -17.42397388  -41.23554104] [-2.03373134  1.26343284  5.69776119] [ -36.59561567  122.72014925   33.81389925] [-115.65345149   -5.1875        3.09841418] [ 1.62768657 -0.16059701  2.22208955]
27545 0 11 [ 117.14458955   36.35214552   53.65391791] [-105.37313433  -17.36147388  -46.73554104] [ 0.63626866  0.10343284  3.68776119] [  -2.53311567  196.22014925   52.06389925] [-124.21595149  -11.8125        4.66091418] [ 1.39768657 -2.48059701  1.29208955]
27584 0 0 [ 97.01958955  26.85214552  23.09141791] [-105.93563433  -17.17397388  -51.67304104] [-0.99373134 -1.12656716  3.60776119] [ 109.21688433  216.90764925  105.62639925] [-116.77845149  -20.5           2.41091418] [ 1.12768657 -3.07059701  1.55208955]
27622 0 0 [ 87.26958955  55.85214552  29.71641791] [-106.68563433  -17.67397388  -56.11054104] [-1.49373134 -1.33656716  3.37776119] [ 183.46688433  235.22014925  135.06389925] [-117.84095149  -30.625        -6.83908582] [-3.56231343  0.55940299  2.72208955]
27664 0 0 [ 60.01958955  42.60214552  32.09141791] [-108.31063433  -17.48647388  -59.61054104] [ 1.44626866 -1.24656716 -1.26223881] [  92.96688433  186.97014925   88.06389925] [-126.52845149  -39.3125      -15.15158582] [ 4.10768657 -1.00059701  2.16208955]
27704 0 0 [ 10.89458955  36.35214552   3.71641791] [-109.49813433  -17.73647388  -61.61054104] [ 2.23626866 -1.81656716 -1.87223881] [  8.65438433  61.65764925  39.87639925] [-126.96595149  -44.5625      -21.27658582] [ 11.28768657   6.28940299   9.60208955]
27744 0 0 [-54.66791045 -12.14785448  13.77891791] [-110.24813433  -17.54897388  -60.98554104] [ 3.17626866 -4.89656716 -1.73223881] [-19.97061567 -92.15485075  44.93889925] [-129.84095149  -42.0625      -26.08908582] [ 11.58768657  -1.03059701   1.20208955]
27782 0 0 [-116.04291045  -62.21035448   -4.90858209] [-110.93563433  -16.54897388  -56.73554104] [ 3.93626866 -6.62656716 -1.46223881] [ -82.72061567 -126.15485075  -65.87360075] [-122.46595149  -37.5         -21.21408582] [ 11.55768657  -2.34059701  -0.48791045]
27820 0 0 [-164.04291045  -81.27285448  -41.78358209] [-109.74813433  -15.61147388  -49.61054104] [ 1.78626866 -4.38656716 -2.84223881] [ -47.90811567 -128.52985075  -63.62360075] [-121.27845149  -32.3125      -15.21408582] [ 8.98768657 -0.48059701 -0.69791045]
27858 0 0 [-210.79291045  -72.71035448  -16.15858209] [-109.81063433  -13.98647388  -40.79804104] [ 1.53626866 -0.90656716 -2.38223881] [ -37.03311567 -104.59235075  -18.24860075] [-121.21595149  -28.          -13.65158582] [ 8.26768657 -0.88059701 -3.70791045]
27897 0 0 [-255.29291045  -70.77285448    7.59141791] [-111.31063433  -11.48647388  -30.79804104] [ 0.67626866 -0.36656716 -2.28223881] [-55.28311567  23.59514925  -6.12360075] [-129.65345149  -27.8125      -12.02658582] [-1.38231343 -3.45059701  2.47208955]
27933 0 0 [-276.98041045  -85.64785448    0.46641791] [-104.56063433   -8.92397388  -22.67304104] [-1.65373134  0.79343284 -2.15223881] [-52.40811567  18.15764925 -75.99860075] [-120.90345149  -28.25         -7.77658582] [-9.41231343 -3.36059701  3.81208955]
27971 0 0 [-216.85541045  -46.08535448  -58.84608209] [-104.37313433   -6.86147388  -12.54804104] [-3.56373134  1.90343284  3.20776119] [  -8.59561567  -33.96735075 -148.06110075] [-116.09095149  -25.75         -1.58908582] [-13.83231343  -0.21059701   1.70208955]
28011 0 0 [-150.35541045 -104.39785448 -133.97108209] [-108.62313433   -4.67397388   -4.54804104] [-4.03373134  6.25343284 -1.78223881] [  29.84188433 -106.77985075 -150.31110075] [-118.21595149  -20.1875        1.41091418] [-10.91231343   9.53940299  -4.57791045]
28049 0 0 [-101.60541045  -44.77285448  -46.78358209] [-105.56063433   -1.92397388    0.82695896] [-3.09373134  8.89343284  1.28776119] [ -26.15811567 -134.09235075   -0.24860075] [-118.52845149  -15.1875        1.03591418] [-8.54231343  2.49940299 -9.36791045]
28088 0 0 [-62.35541045 -60.83535448  75.46641791] [ -1.07998134e+02  -4.89738806e-02   3.01445896e+00] [-1.20373134  3.10343284 -1.61223881] [ 39.09188433  -6.59235075  28.62639925] [-119.09095149  -14.5          -0.77658582] [ -8.73231343   2.30940299 -11.13791045]
28122 0 0 [  9.20708955  12.85214552  47.52891791] [-109.93563433   -0.11147388    3.01445896] [-1.01373134  1.79343284 -0.92223881] [-21.03311567  64.15764925  48.06389925] [-120.59095149  -16.3125       -1.21408582] [-6.56231343  1.05940299 -4.22791045]
28160 0 0 [ 57.01958955  43.47714552   7.21641791] [-110.62313433   -1.61147388    1.20195896] [-0.71373134  2.71343284  2.03776119] [ -8.72061567  77.78264925  49.50139925] [-122.27845149  -19.875        -1.27658582] [ -7.00231343   3.87940299  16.16208955]
28199 0 7 [ 68.58208955   7.03964552  44.59141791] [-103.43563433   -2.23647388   -1.61054104] [-2.10373134  0.58343284  3.14776119] [ -82.03311567 -175.77985075 -192.31110075] [-120.34095149  -15.4375        6.47341418] [ -7.04231343   7.43940299  14.09208955]
28236 0 16 [ 45.45708955  17.72714552  16.34141791] [-104.87313433   -3.42397388   -4.04804104] [ -4.36373134 -11.33656716   9.27776119] [  43.15438433 -198.65485075  -32.24860075] [-119.09095149   -9.            4.59841418] [ 0.81768657 -2.09059701  1.65208955]
28272 0 19 [  37.33208955  -41.14785448  119.34141791] [-106.24813433   -3.92397388   -5.42304104] [ 4.03626866 -1.60656716 -3.78223881] [  21.90438433 -148.71735075   34.25139925] [-120.84095149   -3.6875        1.66091418] [ 1.26768657  1.61940299  1.73208955]
28309 2 18 [ 57.70708955  35.53964552   1.52891791] [-107.24813433   -4.86147388   -7.92304104] [ 1.59626866 -4.01656716  3.09776119] [  31.65438433 -102.65485075   -7.06110075] [ -1.21590951e+02  -4.37500000e-01  -2.65858209e-02] [ 6.07768657  2.98940299  3.73208955]
28349 1 19 [  64.01958955  164.16464552   26.34141791] [-105.74813433   -7.54897388  -10.48554104] [ 0.39626866  0.42343284  3.45776119] [-26.34561567  11.97014925  -3.24860075] [ -1.21715951e+02  -6.25000000e-02  -1.51585821e-01] [-0.95231343 -2.51059701 -0.40791045]
28388 0 20 [  43.76958955  116.91464552  -43.03358209] [-110.68563433   -7.23647388  -12.11054104] [-5.89373134  6.53343284 -2.54223881] [ 8.59188433 -4.21735075 -1.87360075] [-121.59095149   -0.125         0.59841418] [ 0.67768657 -0.24059701  0.08208955]
28424 1 19 [ 28.45708955  24.60214552   5.34141791] [-110.31063433   -8.61147388  -12.98554104] [ 0.79626866 -0.31656716  1.75776119] [ 11.71688433  -0.90485075  -2.12360075] [-121.46595149    0.125         0.22341418] [ 0.95768657  0.22940299  0.09208955]
28461 0 20 [ 22.33208955   3.66464552 -19.97108209] [-109.49813433   -8.67397388  -13.54804104] [ 0.59626866  1.54343284 -0.76223881] [-8.90811567  9.65764925  0.87639925] [-121.46595149   -0.1875        0.41091418] [ 0.66768657  0.55940299  0.16208955]
28503 0 17 [  9.89458955   6.10214552  16.84141791] [-109.43563433   -9.29897388  -14.17304104] [-1.43373134  0.71343284 -0.22223881] [-20.40811567  18.84514925  -0.49860075] [-121.46595149   -0.875         1.16091418] [-0.90231343  0.53940299  0.07208955]
28542 0 15 [ 22.64458955   8.53964552  30.90391791] [-110.37313433   -9.17397388  -14.98554104] [-0.36373134 -2.50656716  0.03776119] [-18.53311567  20.22014925  -1.24860075] [-121.46595149   -1.5625        2.28591418] [ 0.86768657 -0.53059701 -0.04791045]
28579 0 11 [ 42.64458955  18.47714552   4.15391791] [-110.81063433   -9.86147388  -16.48554104] [-0.65373134 -2.44656716  0.28776119] [-24.84561567  31.53264925   3.37639925] [-121.52845149   -2.375         3.09841418] [ 0.56768657 -0.25059701  0.04208955]
28618 0 13 [ 52.76958955  16.60214552   1.71641791] [-110.56063433  -10.42397388  -18.29804104] [-0.70373134 -0.96656716 -1.19223881] [ -4.40811567  18.53264925   0.93889925] [-121.59095149   -3.375         3.66091418] [-1.11231343  0.04940299 -0.18791045]
28656 0 13 [ 55.01958955  25.47714552 -17.59608209] [-109.68563433  -11.36147388  -20.42304104] [ 1.32626866 -1.92656716  2.12776119] [ -6.03311567  37.97014925   7.00139925] [-121.52845149   -4.375         3.84841418] [-0.27231343  0.09940299  0.49208955]
28695 0 13 [ 73.20708955  16.66464552 -14.09608209] [-109.18563433  -12.23647388  -22.54804104] [ 0.65626866  0.04343284 -1.25223881] [-23.84561567  47.65764925   5.56389925] [-121.52845149   -6.0625        4.66091418] [ 0.82768657  0.52940299  0.38208955]
28731 0 11 [ 90.39458955  30.78964552   6.02891791] [-108.49813433  -13.04897388  -25.92304104] [-0.96373134  0.82343284 -1.96223881] [-21.03311567  44.03264925   6.25139925] [-121.59095149   -7.3125        5.66091418] [ 1.00768657 -0.57059701  0.44208955]
28770 0 8 [ 106.20708955   47.35214552   29.77891791] [-108.68563433  -14.42397388  -30.11054104] [ 0.67626866 -1.42656716  3.22776119] [-24.22061567  62.28264925  17.31389925] [-122.02845149   -9.5625        7.09841418] [ 0.69768657  0.39940299  0.23208955]
28808 0 3 [ 97.39458955  12.35214552  10.65391791] [-108.43563433  -14.86147388  -34.36054104] [-1.00373134 -1.06656716 -4.74223881] [-22.65811567  53.15764925   4.93889925] [-122.15345149  -11.5625        8.66091418] [ 0.77768657 -0.26059701  0.27208955]
28849 0 9 [ 98.39458955  51.53964552  14.27891791] [-108.24813433  -16.04897388  -38.73554104] [-1.87373134 -1.19656716 -1.83223881] [ -4.59561567  32.40764925  21.06389925] [-122.59095149  -13.25          9.59841418] [-0.84231343 -0.94059701 -0.42791045]
28888 0 10 [ 84.26958955  44.10214552   8.96641791] [-108.31063433  -17.11147388  -42.86054104] [ 0.00626866 -0.27656716  1.75776119] [ -6.53311567  52.65764925  34.81389925] [-115.46595149  -15.1875        9.66091418] [ 1.35768657 -0.80059701  1.41208955]
28925 0 6 [ 106.51958955   46.41464552   14.71641791] [-108.56063433  -17.98647388  -46.54804104] [-0.91373134  0.56343284  0.72776119] [-12.22061567  86.03264925  52.37639925] [-116.71595149  -18.875        10.03591418] [ 0.69768657 -0.08059701  0.63208955]
28963 0 1 [ 121.95708955   58.47714552   19.52891791] [-108.56063433  -18.73647388  -51.98554104] [-1.98373134  1.31343284  2.26776119] [  -5.78311567  127.84514925   67.37639925] [-117.96595149  -22.6875       10.47341418] [ 1.18768657 -1.42059701  2.96208955]
29003 0 0 [ 119.08208955   57.78964552   12.77891791] [-108.81063433  -19.86147388  -57.54804104] [-2.38373134  1.26343284  9.52776119] [  75.59188433  212.47014925   98.31389925] [-118.90345149  -30.3125        9.72341418] [-4.15231343 -1.87059701  7.55208955]
29040 0 0 [ 135.51958955   22.85214552  -21.03358209] [-107.68563433  -20.73647388  -63.11054104] [-2.23373134  0.48343284  8.10776119] [  73.21688433  251.09514925   70.06389925] [-118.59095149  -40.0625       10.41091418] [ 0.60768657 -2.40059701  7.10208955]
29077 0 0 [ 102.89458955  -11.27285448  -34.47108209] [-104.74813433  -21.98647388  -66.98554104] [ 1.01626866 -0.33656716 -2.56223881] [ -4.53311567  86.40764925  -4.68610075] [-117.59095149  -46.0625       14.41091418] [ 6.71768657 -2.62059701  2.93208955]
29116 0 0 [ 38.45708955 -28.39785448 -27.53358209] [-94.49813433 -22.54897388 -67.86054104] [ 4.14626866 -3.89656716 -5.39223881] [ 12.65438433 -56.27985075  59.06389925] [-119.09095149  -45.75          8.84841418] [ 14.01768657   0.09940299  -1.52791045]
29156 0 0 [-79.16791045  -6.58535448  35.15391791] [-103.87313433  -21.79897388  -66.48554104] [ 3.17626866 -4.27656716 -1.00223881] [  -0.47061567 -152.77985075   46.12639925] [-121.21595149  -41.375        -1.15158582] [ 13.93768657  -0.77059701  -2.71791045]
29194 0 0 [-155.79291045  -53.08535448   39.15391791] [-106.18563433  -19.67397388  -61.36054104] [ 3.24626866 -5.23656716 -2.34223881] [ -25.22061567 -151.09235075   -8.62360075] [-122.34095149  -35.8125       -4.08908582] [ 8.91768657  0.64940299 -0.19791045]
29234 0 0 [-215.35541045  -70.58535448   23.71641791] [-108.24813433  -17.23647388  -53.17304104] [ 1.37626866 -2.42656716 -3.30223881] [ -25.59561567 -147.71735075   12.75139925] [ 236.22154851  -30.5          -5.40158582] [ 6.50768657  1.17940299  0.45208955]
29273 0 0 [-246.85541045  -64.71035448   74.02891791] [-103.74813433  -13.98647388  -43.79804104] [ 1.75626866 -1.20656716 -2.57223881] [ -34.34561567 -123.71735075   18.93889925] [ 226.34654851  -27.3125       -6.65158582] [ 1.08768657 -3.58059701  0.09208955]
29313 0 0 [-251.29291045  -62.21035448   15.90391791] [-106.87313433  -10.54897388  -33.92304104] [ 0.68626866 -2.61656716 -2.64223881] [-20.72061567 -47.15485075 -62.87360075] [ 234.97154851  -23.3125       -4.83908582] [-1.03231343 -0.22059701 -3.40791045]
29353 0 0 [-250.91791045  -58.52285448  -68.84608209] [-114.62313433   -9.42397388  -23.48554104] [-0.75373134  2.49343284 -0.84223881] [  -9.47061567   79.40764925 -100.56110075] [ -1.29590951e+02  -2.40625000e+01  -2.65858209e-02] [-12.03231343  -1.50059701   3.67208955]
29393 0 0 [-203.85541045  -75.71035448  -99.09608209] [-112.18563433   -7.23647388  -13.73554104] [-3.81373134  3.45343284  0.22776119] [ 70.77938433 -38.02985075 -99.74860075] [-116.71595149  -23.0625        1.66091418] [-11.49231343   1.92940299  -2.58791045]
29414 0 0 [-160.60541045  -61.89785448 -137.78358209] [-109.12313433   -6.11147388   -7.73554104] [-4.15373134  6.17343284  1.86776119] [  42.15438433  -65.40485075 -100.43610075] [-121.52845149  -20.1875        2.16091418] [-13.12231343   1.59940299  -4.91791045]
29439 0 0 [-131.48041045  -86.96035448 -108.34608209] [-107.12313433   -4.61147388   -4.48554104] [-4.04373134  6.07343284 -0.61223881] [ 61.90438433 -74.21735075 -85.31110075] [-119.65345149  -18.125         1.84841418] [-12.17231343   3.90940299  -6.57791045]
29462 0 0 [-97.10541045 -72.27285448 -75.90858209] [-105.24813433   -2.48647388   -1.36054104] [-3.28373134  5.98343284 -1.87223881] [ 61.34188433 -53.34235075 -54.81110075] [-118.09095149  -16.625         1.22341418] [-8.98231343  4.21940299 -6.90791045]
29483 0 0 [-61.29291045 -40.33535448  -5.28358209] [-105.12313433   -1.48647388   -0.11054104] [-4.63373134  6.09343284 -1.66223881] [ 16.46688433 -26.52985075  -1.31110075] [-117.71595149  -15.875         0.72341418] [-7.67231343  3.25940299 -4.56791045]
29514 0 0 [-42.48041045   1.85214552  39.59141791] [-105.74813433   -1.36147388    0.76445896] [-1.87373134  5.98343284  1.44776119] [-23.59561567   7.84514925  56.87639925] [-119.09095149  -16.4375        0.22341418] [-6.56231343  0.50940299 -2.44791045]
29555 0 0 [ -20.54291045   -6.27285448  137.65391791] [-109.68563433   -1.36147388    1.13945896] [-1.34373134  0.87343284 -2.81223881] [-97.34561567 -29.90485075  67.00139925] [-122.71595149  -16.375         0.84841418] [-1.56231343  0.47940299 -8.43791045]
29593 0 4 [ 23.83208955  48.97714552  95.84141791] [-114.24813433   -3.23647388    0.26445896] [ 3.53626866  1.08343284  0.99776119] [-51.84561567  90.09514925  11.75139925] [-117.27845149  -18.6875        2.97341418] [ -1.30231343 -18.00059701  30.45208955]
29631 3 17 [ 102.14458955   22.78964552  -88.59608209] [-114.31063433   -3.92397388   -2.29804104] [-0.28373134 -2.85656716  2.47776119] [  38.59188433 -261.15485075 -146.24860075] [-120.96595149  -14.0625        7.22341418] [ -6.47231343 -19.35059701   2.98208955]
29669 0 23 [  53.64458955   -5.14785448 -137.84608209] [-111.06063433   -4.17397388   -4.54804104] [-9.32373134 -8.25656716  1.15776119] [  80.71688433 -204.59235075  -37.87360075] [-119.27845149   -5.875         2.78591418] [ 2.04768657 -2.29059701  2.02208955]
29709 0 23 [ 88.83208955  26.60214552  19.65391791] [-110.24813433   -5.79897388   -7.73554104] [ 1.56626866 -1.82656716  3.14776119] [  44.21688433 -123.71735075   21.62639925] [-120.34095149   -1.3125       -0.33908582] [ 0.18768657  3.11940299  2.20208955]
29748 0 24 [ 116.39458955   63.41464552  -49.78358209] [-108.81063433   -7.86147388  -11.61054104] [ 1.12626866  2.10343284  6.69776119] [ 11.71688433 -11.52985075   9.81389925] [-120.65345149   -0.3125       -1.21408582] [-1.42231343  1.61940299 -0.29791045]
29786 0 25 [ 59.83208955  14.72714552 -60.59608209] [-106.74813433   -8.48647388  -13.86054104] [-3.65373134  5.56343284 -3.54223881] [-9.65811567 -7.21735075 -1.56110075] [-120.84095149   -0.1875       -0.90158582] [-0.88231343  0.20940299  0.05208955]
29824 0 28 [ 38.01958955  43.35214552  12.84141791] [-106.81063433   -9.92397388  -15.29804104] [-1.27373134  1.29343284  1.57776119] [-9.59561567  1.34514925 -6.43610075] [-120.77845149    0.           -0.27658582] [-0.11231343 -1.13059701  0.05208955]
29860 0 30 [ 24.58208955  15.16464552  14.77891791] [-107.24813433  -10.54897388  -16.73554104] [-1.75373134 -0.43656716  1.29776119] [ -7.59561567  19.90764925   1.75139925] [-120.77845149   -0.5           0.28591418] [-0.77231343 -0.34059701 -0.04791045]
29901 0 24 [ 6.51958955  5.97714552 -6.15858209] [-106.99813433  -10.79897388  -17.29804104] [-1.61373134  2.73343284 -1.39223881] [ -5.72061567  19.34514925   2.75139925] [-120.84095149   -1.25          0.78591418] [-0.72231343 -0.29059701  0.03208955]
29938 0 21 [  6.64458955  12.78964552  34.71641791] [-107.87313433  -11.23647388  -17.79804104] [-0.73373134 -0.02656716  0.22776119] [-10.03311567  20.09514925   6.12639925] [-120.96595149   -2.0625        1.22341418] [ 0.79768657 -0.04059701  0.09208955]
29978 0 14 [ -0.73041045  18.16464552  28.84141791] [-109.12313433  -11.48647388  -18.42304104] [-0.68373134 -2.37656716  1.26776119] [-31.03311567  41.09514925  12.43889925] [-121.40345149   -3.5625        2.28591418] [ 0.65768657  0.27940299  0.26208955]
30017 0 12 [ 24.51958955  11.16464552  30.34141791] [-110.06063433  -11.67397388  -19.54804104] [ 1.85626866 -1.99656716 -0.24223881] [-39.22061567  50.53264925   9.50139925] [-121.71595149   -5.            3.47341418] [ 0.67768657 -0.05059701  0.18208955]
30057 0 8 [ 40.45708955  17.16464552  15.52891791] [-110.43563433  -12.04897388  -21.36054104] [ 1.11626866 -2.56656716  1.02776119] [-37.65811567  53.65764925   4.31389925] [-121.84095149   -6.875         5.22341418] [-1.59231343 -0.07059701 -0.80791045]
30097 0 7 [ 52.83208955  -4.46035448  -0.78358209] [-110.24813433  -12.11147388  -23.61054104] [-0.78373134  0.42343284 -4.92223881] [-19.90811567  27.09514925  -1.62360075] [-121.90345149   -8.375         6.78591418] [ 0.89768657 -1.02059701  0.15208955]
30137 0 8 [ 59.89458955  60.22714552  41.34141791] [-111.06063433  -13.42397388  -26.67304104] [-0.32373134 -1.88656716  4.32776119] [-19.53311567  46.28264925  16.18889925] [-122.15345149   -9.75          7.97341418] [-0.76231343  0.64940299  0.42208955]
30175 0 5 [ 91.45708955   5.60214552  15.34141791] [-111.62313433  -13.61147388  -29.42304104] [ 0.90626866 -2.38656716 -0.54223881] [-21.65811567  62.84514925  11.50139925] [-122.40345149  -11.875         9.47341418] [-0.54231343 -0.57059701  0.13208955]
30212 0 5 [ 108.01958955    9.60214552    8.77891791] [-103.43563433  -14.04897388  -33.54804104] [-1.34373134 -0.84656716 -2.84223881] [-13.72061567  43.22014925  12.00139925] [-122.65345149  -13.6875       10.53591418] [-1.00231343 -0.04059701 -0.04791045]
30252 0 6 [ 89.33208955  58.66464552   7.84141791] [-110.74813433  -15.04897388  -37.48554104] [-0.63373134 -0.03656716 -0.75223881] [ -9.40811567  25.09514925  15.81389925] [-115.02845149  -14.875        10.84841418] [-1.75231343  0.12940299 -0.97791045]
30289 0 6 [ 107.89458955   24.60214552   30.52891791] [-103.49813433  -15.42397388  -42.23554104] [ 0.61626866 -0.28656716 -4.73223881] [-20.65811567  10.22014925  24.43889925] [-115.65345149  -15.4375       10.97341418] [ 0.70768657 -0.30059701  0.32208955]
30329 0 1 [ 101.39458955   64.47714552   44.09141791] [-104.87313433  -16.17397388  -47.48554104] [ 0.12626866 -0.45656716  3.48776119] [-30.28311567  44.28264925  43.18889925] [-117.15345149  -17.0625       11.41091418] [ 1.10768657 -2.17059701  2.19208955]
30369 0 0 [ 121.45708955   71.35214552   14.59141791] [-105.99813433  -16.92397388  -53.36054104] [ -1.49373134   0.62343284  11.10776119] [ -13.84561567  164.65764925  104.68889925] [-127.46595149  -22.3125       11.97341418] [ 1.39768657 -2.16059701  4.64208955]
30407 0 0 [ 144.89458955   38.85214552    5.90391791] [-105.49813433  -17.61147388  -59.73554104] [-1.35373134  1.90343284  5.76776119] [ 103.21688433  192.15764925   96.56389925] [-128.84095149  -31.0625       10.34841418] [-0.90231343 -2.63059701  4.74208955]
30443 0 0 [ 137.76958955   46.78964552  -32.40858209] [-112.18563433  -18.98647388  -64.48554104] [-3.77373134 -4.50656716  5.91776119] [  92.09188433  218.59514925   73.93889925] [-120.65345149  -40.4375        9.53591418] [-2.71231343 -1.84059701  5.28208955]
30482 0 0 [ 83.20708955 -13.58535448 -92.22108209] [-107.62313433  -21.67397388  -67.92304104] [ 1.80626866 -3.45656716 -5.56223881] [ 14.27938433  89.15764925  27.50139925] [-120.71595149  -44.75         10.97341418] [ 11.05768657   5.63940299   7.57208955]
30520 0 0 [-27.10541045   0.66464552  29.27891791] [-106.24813433  -22.04897388  -68.54804104] [ 4.30626866 -2.26656716 -5.21223881] [  68.96688433 -122.59235075  138.00139925] [  2.36034049e+02  -4.38750000e+01   1.60914179e-01] [ 19.45768657  -1.28059701  -4.39791045]
30558 0 0 [-115.66791045  -77.77285448   64.52891791] [-109.37313433  -18.98647388  -64.67304104] [ 4.30626866 -6.91656716  0.25776119] [  -4.34561567 -145.96735075  -37.24860075] [ 226.72154851  -38.875        -6.71408582] [ 11.73768657   0.85940299  -1.49791045]
30596 0 0 [-168.23041045  -90.46035448  -19.59608209] [-109.68563433  -16.86147388  -56.92304104] [ 0.87626866 -3.33656716 -2.74223881] [ -22.97061567 -158.46735075  -21.24860075] [ 235.47154851  -33.           -5.08908582] [ 3.62768657  0.63940299  2.42208955]
30633 0 0 [-233.66791045  -61.27285448   19.90391791] [-103.37313433  -14.79897388  -47.48554104] [ 1.27626866 -1.18656716  0.66776119] [ 43.77938433 -84.96735075  29.25139925] [ 234.40904851  -28.           -8.77658582] [ 9.10768657 -3.90059701 -4.92791045]
30673 0 0 [-251.10541045  -90.33535448   47.90391791] [-105.49813433  -12.23647388  -40.04804104] [ 0.70626866 -2.94656716 -3.53223881] [ -5.28311567  -6.15485075 -27.06110075] [ 235.03404851  -27.25         -8.40158582] [ 1.41768657 -4.24059701  2.66208955]
30710 0 0 [-275.60541045  -71.83535448  -37.47108209] [-106.68563433   -9.29897388  -29.23554104] [-1.27373134 -2.69656716 -4.79223881] [-103.97061567  -33.27985075 -124.18610075] [ 228.90904851  -25.9375       -3.77658582] [-4.55231343 -4.60059701 -0.50791045]
30749 0 0 [-263.35541045  -52.14785448  -82.15858209] [-113.24813433   -8.23647388  -17.54804104] [-3.21373134  2.15343284 -1.60223881] [  27.71688433  -25.02985075 -127.81110075] [-118.84095149  -22.25          2.53591418] [-8.56231343  2.39940299 -2.50791045]
30786 0 0 [-240.85541045  -63.52285448  -94.28358209] [-110.99813433   -6.42397388   -7.17304104] [-4.41373134  8.50343284 -0.11223881] [ -22.53311567  -44.77985075 -135.37360075] [-121.59095149  -19.1875        7.03591418] [-14.43231343   2.91940299  -2.09791045]
30824 0 0 [-137.98041045  -55.83535448  -67.28358209] [-108.87313433   -4.11147388   -0.67304104] [-3.47373134  7.51343284 -0.25223881] [ 108.27938433  -67.96735075   17.43889925] [-119.52845149  -15.875         5.72341418] [-16.12231343   6.26940299 -11.58791045]
30863 0 0 [-53.23041045 -65.46035448  27.46641791] [-109.56063433   -2.17397388    1.38945896] [-1.53373134  5.92343284 -3.96223881] [ 43.52938433   1.47014925  49.37639925] [-120.59095149  -16.            1.97341418] [-11.40231343   0.76940299 -12.21791045]
30901 0 3 [ 27.70708955  50.78964552  33.96641791] [-111.37313433   -2.67397388    1.51445896] [-1.58373134  3.09343284 -1.05223881] [-57.78311567  83.97014925 -12.74860075] [-120.59095149  -17.625         4.59841418] [-4.52231343  5.25940299  4.78208955]
30939 0 15 [ 136.45708955   68.16464552    1.90391791] [-111.31063433   -5.79897388   -2.36054104] [-1.62373134 -7.55656716  7.60776119] [  53.77938433 -478.15485075 -126.62360075] [-118.46595149  -15.125         7.66091418] [ 24.22768657   9.14940299  23.36208955]
30979 0 24 [ 85.26958955  84.97714552 -38.03358209] [-103.68563433   -8.48647388   -6.48554104] [ -0.99373134  -7.14656716  13.79776119] [  59.59188433 -189.02985075   -0.37360075] [-117.84095149   -5.6875        2.84841418] [ 1.73768657 -0.62059701  2.66208955]
31018 0 27 [ 117.64458955  -55.52285448  -78.59608209] [-109.74813433   -7.23647388  -10.54804104] [-3.59373134  9.56343284 -5.14223881] [  29.34188433 -131.90485075    7.81389925] [ -1.19153451e+02  -7.50000000e-01  -2.65858209e-02] [-1.09231343  1.27940299  0.86208955]
31057 0 31 [ 81.01958955  81.66464552 -68.59608209] [-107.68563433  -10.54897388  -13.42304104] [  6.56626866   7.03343284  16.85776119] [  8.84188433 -13.59235075  14.93889925] [-119.59095149    1.4375       -1.65158582] [-2.12231343  4.47940299  0.27208955]
31096 0 33 [  77.83208955 -137.14785448  -49.03358209] [-106.99813433   -9.67397388  -16.17304104] [ -5.93373134   1.86343284 -13.54223881] [-4.65811567 -6.40485075 -0.43610075] [-119.52845149    1.6875       -1.33908582] [-1.28231343 -0.46059701 -0.29791045]
31134 0 28 [ -2.29291045  90.41464552 -37.22108209] [-106.49813433  -11.04897388  -16.98554104] [-0.98373134  2.66343284  9.02776119] [-10.78311567   0.15764925  -5.68610075] [-119.46595149    1.8125       -1.02658582] [ 0.96768657 -0.44059701  0.07208955]
31172 0 26 [ 23.58208955 -36.14785448   7.84141791] [-105.68563433  -11.79897388  -17.42304104] [-1.86373134  0.47343284 -0.50223881] [ -7.47061567  10.97014925  -3.06110075] [-119.34095149    1.5625       -0.71408582] [-0.75231343 -0.09059701 -0.03791045]
31208 0 21 [-10.23041045  -2.71035448 -12.65858209] [-105.12313433  -11.04897388  -17.36054104] [ 0.85626866  1.79343284  0.52776119] [ -2.53311567  16.90764925  -2.12360075] [-119.15345149    1.0625       -0.33908582] [-0.76231343  0.09940299 -0.03791045]
31247 0 18 [-9.10541045 -8.77285448  2.21641791] [-105.12313433  -10.92397388  -17.04804104] [ 0.57626866 -0.72656716 -0.28223881] [ -7.59561567  26.59514925  -0.68610075] [-119.02845149    0.3125        0.22341418] [ 0.56768657 -0.16059701 -0.00791045]
31286 0 14 [ -5.54291045   2.35214552  22.15391791] [-106.12313433  -10.73647388  -17.36054104] [-0.07373134 -2.16656716 -0.74223881] [-21.34561567  31.03264925   4.25139925] [-119.09095149   -0.8125        1.03591418] [ 0.67768657 -0.44059701  0.02208955]
31323 0 11 [ 20.76958955  30.91464552  45.21641791] [-107.18563433  -11.04897388  -18.23554104] [ 0.66626866 -5.46656716  1.38776119] [-25.90811567  40.22014925  16.87639925] [-119.34095149   -1.875         1.66091418] [-1.07231343 -0.14059701 -0.20791045]
31361 0 12 [ 56.76958955  16.10214552  18.65391791] [-108.68563433  -11.48647388  -20.79804104] [ 1.14626866 -2.95656716 -2.80223881] [ -9.15811567  37.65764925  14.62639925] [-119.90345149   -3.5625        2.41091418] [-0.85231343  0.09940299  0.01208955]
31401 0 15 [ 90.45708955  56.66464552   1.65391791] [-108.24813433  -13.11147388  -23.86054104] [-0.24373134 -2.81656716  1.91776119] [ -8.78311567  49.90764925  14.56389925] [-120.27845149   -5.4375        3.09841418] [-1.26231343 -0.11059701 -0.29791045]
31441 0 17 [ 121.20708955   17.97714552  -29.03358209] [-107.74813433  -14.17397388  -28.29804104] [-1.25373134 -1.86656716 -1.11223881] [ -8.09561567  46.47014925  13.37639925] [-120.40345149   -7.0625        3.53591418] [ 0.49768657 -0.69059701  1.15208955]
31483 0 13 [ 134.20708955   46.03964552    2.46641791] [-106.81063433  -16.29897388  -33.23554104] [ 0.09626866  0.82343284  2.35776119] [ -7.09561567  70.28264925  15.43889925] [-120.65345149   -9.75          4.03591418] [-1.04231343  0.13940299 -0.24791045]
31521 0 10 [  149.14458955    24.91464552  2026.59141791] [-104.87313433  -16.36147388  -38.67304104] [ 1.05626866  0.34343284 -4.56223881] [ -3.97061567  56.03264925  11.62639925] [-120.59095149  -12.            4.78591418] [-1.55231343 -0.63059701 -0.68791045]
31563 0 3 [ 134.89458955   51.22714552   18.34141791] [-104.56063433  -17.73647388  -44.61054104] [-1.52373134  0.92343284 -3.97223881] [ -8.09561567  45.15764925  47.93889925] [-121.59095149  -14.1875        4.91091418] [ 0.63768657 -1.82059701  0.24208955]
31602 0 0 [ 118.83208955  101.16464552   55.77891791] [-106.18563433  -18.73647388  -51.23554104] [ -1.49373134   2.36343284  12.92776119] [ -25.84561567   99.84514925  108.00139925] [-116.71595149  -18.            4.41091418] [ 1.29768657 -1.75059701  3.93208955]
31640 0 0 [ 124.33208955   58.28964552   61.21641791] [-108.49813433  -18.92397388  -57.92304104] [  0.71626866   1.78343284  10.52776119] [  57.77938433  226.03264925  142.50139925] [-120.40345149  -26.5625        2.03591418] [ 1.30768657 -2.96059701  7.07208955]
31678 0 0 [ 122.01958955   37.66464552   31.34141791] [-109.87313433  -18.29897388  -64.42304104] [-0.07373134  0.65343284  2.70776119] [ 153.90438433  233.28264925   92.12639925] [-120.71595149  -37.4375       -4.21408582] [-0.77231343 -1.22059701  3.56208955]
31718 0 0 [ 71.20708955   9.97714552   4.15391791] [-109.74813433  -18.67397388  -68.67304104] [ 0.79626866 -2.85656716 -3.26223881] [ 168.71688433  218.15764925   58.75139925] [-118.59095149  -46.125       -12.02658582] [ 1.35768657 -1.48059701  0.48208955]
31759 0 0 [ 34.95708955  11.97714552 -25.15858209] [-108.62313433  -19.48647388  -70.29804104] [-1.20373134 -1.54656716 -4.98223881] [  86.15438433  123.65764925   27.43889925] [-117.71595149  -50.8125      -19.27658582] [  6.75768657  11.17940299  14.79208955]
31798 0 0 [-72.41791045   1.41464552  67.77891791] [-109.87313433  -18.79897388  -69.48554104] [ 2.96626866 -5.32656716 -0.24223881] [ -19.34561567 -106.34235075   87.37639925] [ 235.97154851  -44.9375      -31.40158582] [ 11.51768657  -6.80059701   0.41208955]
31838 0 0 [-144.48041045  -47.71035448   79.15391791] [-105.81063433  -15.42397388  -64.29804104] [ 3.39626866 -9.33656716 -0.09223881] [ -74.47061567 -148.02985075  -59.31110075] [ 235.72154851  -39.5         -24.40158582] [ 11.01768657  -2.94059701   0.28208955]
31879 0 0 [-184.29291045  -83.89785448  -47.47108209] [-104.87313433  -14.42397388  -56.04804104] [ 0.73626866 -4.63656716 -2.26223881] [ -62.65811567 -151.90485075  -64.62360075] [ 237.09654851  -33.8125      -17.40158582] [ 4.70768657  0.74940299  3.10208955]
31917 0 0 [-234.16791045  -54.83535448  -41.78358209] [-104.31063433  -14.23647388  -45.86054104] [ 0.98626866  0.38343284  0.01776119] [ -57.03311567 -139.34235075   12.93889925] [ 235.59654851  -28.25        -16.15158582] [ 5.86768657 -2.21059701 -1.63791045]
31956 0 0 [-275.91791045  -86.21035448   51.21641791] [-106.74813433  -11.11147388  -35.11054104] [ 0.92626866 -0.29656716 -3.94223881] [-66.53311567 -53.65485075 -22.37360075] [ 226.72154851  -26.5         -14.21408582] [ 1.30768657 -4.19059701  1.59208955]
31993 0 0 [-292.73041045  -73.33535448   15.59141791] [-108.99813433   -7.86147388  -23.86054104] [-1.48373134 -2.30656716 -4.07223881] [ -67.65811567  -30.90485075 -128.87360075] [ 236.59654851  -24.0625       -7.46408582] [-6.31231343 -5.57059701  3.12208955]
32033 0 0 [-278.48041045  -32.39785448  -94.84608209] [-116.62313433   -6.98647388  -15.04804104] [-4.38373134  0.67343284  4.72776119] [ -18.53311567 -111.09235075 -208.18610075] [-124.77845149  -19.5          -0.71408582] [-13.79231343   3.11940299   0.79208955]
32074 0 0 [-181.04291045  -96.96035448 -160.59608209] [-111.12313433   -6.48647388   -5.23554104] [-3.87373134  5.31343284  0.38776119] [   5.84188433  -96.59235075 -102.99860075] [-119.90345149  -12.4375        2.41091418] [-12.00231343   4.37940299  -0.93791045]
32114 0 0 [-149.85541045  -90.08535448  -75.90858209] [-107.62313433   -1.29897388    1.76445896] [-1.61373134  7.04343284  1.92776119] [ 28.96688433 -80.15485075  -2.87360075] [-119.09095149   -9.75          2.34841418] [-8.64231343 -1.09059701 -8.56791045]
32153 0 0 [-101.91791045  -75.39785448   44.34141791] [-108.37313433    1.76352612    6.20195896] [-1.67373134  2.58343284 -2.14223881] [ 11.02938433 -27.09235075  10.93889925] [-119.46595149   -7.4375       -0.27658582] [ -7.10231343   3.32940299 -15.69791045]
32193 0 0 [-35.48041045  14.97714552  62.52891791] [-110.81063433    1.26352612    8.38945896] [-0.94373134  3.36343284 -3.08223881] [-83.15811567  86.47014925  18.18889925] [-120.27845149   -9.875         2.59841418] [ -8.93231343   6.34940299 -10.19791045]
32232 0 10 [ 58.76958955  68.72714552  75.09141791] [-113.06063433   -0.79897388    6.88945896] [-9.63373134  2.73343284  2.73776119] [ 299.59188433 -349.27985075 -177.12360075] [-117.40345149  -12.125         7.53591418] [  1.85768657   9.79940299  19.92208955]
32271 0 17 [ 169.08208955   59.53964552   28.52891791] [-104.06063433   -4.61147388    0.82695896] [  3.09626866 -18.89656716   8.81776119] [  59.96688433 -224.46735075   11.87639925] [-116.90345149   -1.625         2.59841418] [ 1.26768657  0.35940299  2.10208955]
32308 2 19 [ 106.70708955   -6.21035448   81.71641791] [-104.12313433   -5.04897388   -2.48554104] [ 4.41626866 -3.82656716  3.50776119] [  90.21688433 -152.21735075    4.43889925] [-117.77845149    3.8125       -1.08908582] [ 4.10768657  0.73940299  3.32208955]
32346 0 22 [  60.14458955  319.78964552   67.65391791] [-110.06063433   -9.23647388   -5.73554104] [  3.19626866   5.51343284  30.21776119] [-20.40811567   6.40764925   1.75139925] [-118.09095149    4.           -1.33908582] [-1.99231343 -2.13059701 -0.89791045]
32388 0 15 [  91.14458955 -206.89785448  -28.28358209] [-109.24813433   -5.23647388   -8.54804104] [ -7.71373134   7.18343284 -22.86223881] [ -6.34561567e+00  -7.21735075e+00   1.39925373e-03] [-118.15345149    4.0625       -0.77658582] [-1.04231343 -0.05059701 -0.14791045]
32428 0 17 [   5.14458955  136.85214552    4.65391791] [-109.56063433  -10.11147388   -8.54804104] [  0.74626866   2.01343284  16.12776119] [-18.72061567  19.84514925  -0.99860075] [-118.09095149    3.8125       -0.46408582] [-1.08231343  0.23940299  0.08208955]
32468 0 11 [ -6.35541045 -36.21035448  10.65391791] [-109.56063433   -7.79897388   -8.48554104] [-1.78373134  2.05343284 -3.88223881] [-29.97061567  38.53264925   4.62639925] [-118.15345149    2.5625        0.66091418] [-1.27231343 -0.13059701 -0.16791045]
32505 0 7 [-19.60541045   4.53964552  22.77891791] [-110.56063433   -7.98647388   -7.79804104] [-0.85373134  0.89343284  0.35776119] [-22.47061567  39.40764925   6.50139925] [-118.27845149    1.            1.91091418] [-1.42231343  0.09940299 -0.31791045]
32543 0 1 [-32.23041045  -8.39785448  40.09141791] [-104.31063433   -7.61147388   -7.17304104] [-0.81373134 -2.01656716 -1.07223881] [-23.15811567  22.15764925   4.62639925] [-118.52845149   -0.125         2.97341418] [-1.49231343 -0.10059701 -0.45791045]
32583 0 3 [-23.60541045   0.28964552  19.96641791] [-112.99813433   -7.48647388   -6.67304104] [-1.32373134 -1.51656716 -0.95223881] [-3.53311567  6.34514925  5.31389925] [-118.65345149   -0.625         3.47341418] [-1.55231343 -0.29059701 -0.54791045]
32621 0 4 [ -6.04291045  -0.71035448  15.15391791] [-105.74813433   -7.42397388   -6.29804104] [-0.84373134 -1.18656716 -1.28223881] [ 2.52938433 -6.84235075  3.81389925] [-118.90345149   -0.75          3.41091418] [ -1.49231343e+00  -5.97014925e-04  -4.27910448e-01]
32659 0 7 [ 5.26958955  5.91464552 -1.40858209] [-105.87313433   -7.36147388   -6.17304104] [ 1.29626866 -1.06656716 -0.00223881] [  9.27938433 -22.46735075   0.37639925] [-118.96595149   -0.375         3.03591418] [-1.27231343  0.16940299 -0.17791045]
32697 0 9 [  7.33208955  -0.52285448 -21.84608209] [-105.31063433   -7.42397388   -6.36054104] [-1.27373134 -0.51656716  0.40776119] [ 13.27938433 -29.15485075  -4.43610075] [-118.96595149    0.6875        2.34841418] [-1.20231343 -0.20059701 -0.18791045]
32737 0 13 [  5.95708955  -4.46035448 -29.97108209] [-104.12313433   -7.42397388   -6.42304104] [-1.28373134  1.37343284  0.07776119] [ 17.90438433 -27.09235075  -4.06110075] [-118.84095149    1.75          1.47341418] [-1.03231343  0.36940299  0.03208955]
32779 0 10 [ 8.45708955 -1.96035448 -6.59608209] [-103.49813433   -7.48647388   -6.48554104] [-0.47373134  0.29343284  0.42776119] [  5.34188433 -15.52985075  -2.93610075] [-118.77845149    2.5           0.84841418] [-1.12231343 -0.03059701 -0.20791045]
32818 0 9 [ -4.04291045  -0.08535448 -19.03358209] [-110.99813433   -7.48647388   -6.36054104] [-1.56373134  0.87343284  0.54776119] [-1.97061567 -2.46735075 -4.06110075] [ 217.72154851    2.8125        0.78591418] [-0.84231343  0.07940299  0.04208955]
32855 0 7 [ -5.79291045   1.41464552 -11.03358209] [-110.49813433   -7.48647388   -6.11054104] [-0.94373134  0.01343284  1.62776119] [-5.47061567  9.84514925 -2.43610075] [ 217.84654851    2.625         0.97341418] [-1.34231343 -0.07059701 -0.29791045]
32892 0 6 [ -8.85541045 -23.83535448 -25.09608209] [-109.99813433   -6.92397388   -5.86054104] [-1.16373134  1.13343284 -1.68223881] [-3.22061567  4.53264925 -3.31110075] [ 218.03404851    2.4375        1.09841418] [-1.29231343 -0.16059701 -0.28791045]
32930 0 3 [-10.16791045  -4.77285448  -2.53358209] [-109.43563433   -6.73647388   -5.23554104] [-1.42373134  0.91343284 -0.57223881] [ 7.40438433 -6.96735075 -0.74860075] [ 218.03404851    2.5625        1.03591418] [-1.29231343 -0.15059701 -0.28791045]
32967 1 4 [-22.79291045   0.22714552   8.77891791] [-109.81063433   -6.54897388   -4.61054104] [ 0.68626866 -0.18656716  0.18776119] [  8.40438433 -13.15485075  -0.37360075] [ 209.97154851    2.75          0.91091418] [-1.05231343  0.04940299 -0.13791045]
33004 0 4 [-21.35541045  -3.27285448  11.59141791] [-110.24813433   -6.42397388   -4.04804104] [-0.82373134 -0.02656716  0.47776119] [ 5.96688433 -8.40485075  0.75139925] [ 217.90904851    3.125         0.78591418] [-0.99231343  0.10940299 -0.07791045]
33043 3 2 [-20.35541045  -7.21035448   3.77891791] [-110.43563433   -6.17397388   -3.54804104] [-0.88373134  0.65343284 -0.13223881] [-5.47061567 -1.65485075 -0.74860075] [ 217.84654851    3.125         0.84841418] [-1.25231343  0.07940299 -0.17791045]
33084 0 0 [-24.54291045  -8.52285448   7.34141791] [-110.81063433   -5.79897388   -2.92304104] [ 0.96626866 -0.94656716 -0.17223881] [-8.28311567 -1.40485075 -1.74860075] [ 217.84654851    3.            1.09841418] [-0.98231343 -0.29059701 -0.21791045]
33123 6 2 [-10.23041045  -0.96035448   7.15391791] [-111.24813433   -5.67397388   -2.36054104] [-1.02373134 -1.41656716  0.08776119] [-5.28311567 -0.52985075 -0.87360075] [ 218.09654851    3.            1.22341418] [-1.17231343 -0.24059701 -0.23791045]
33159 4 0 [-4.85541045 -3.27285448 -5.97108209] [-111.24813433   -5.48647388   -1.86054104] [-0.79373134 -0.60656716  0.08776119] [ 8.02938433 -2.27985075 -0.62360075] [ 218.09654851    3.            1.22341418] [-0.97231343 -0.24059701 -0.13791045]
33197 4 0 [-5.29291045 -5.02285448 -4.78358209] [-110.99813433   -5.42397388   -1.67304104] [-0.71373134 -0.40656716  0.08776119] [ 10.71688433  -2.15485075   1.18889925] [ 218.09654851    2.9375        9.09841418] [-1.07231343  0.04940299 -0.14791045]
33238 4 0 [-3.60541045 -5.02285448 -6.03358209] [-110.81063433   -5.17397388   -1.54804104] [-1.32373134  0.61343284  0.06776119] [ 11.52938433  -1.46735075   1.56389925] [ 218.03404851    2.875         0.84841418] [-1.09231343  0.04940299 -0.15791045]
33278 4 0 [-5.10541045 -6.08535448 -1.15858209] [-110.74813433   -4.92397388   -1.48554104] [-1.05373134 -0.07656716 -0.01223881] [ 11.34188433  -1.59235075   2.43889925] [ 217.97154851    2.8125        0.59841418] [-1.05231343  0.01940299 -0.11791045]
33315 4 6 [-4.98041045 -8.21035448  1.71641791] [-110.93563433   -4.61147388   -1.42304104] [ 0.70626866 -0.13656716 -0.30223881] [ 8.77938433 -1.71735075  1.75139925] [ 217.97154851    2.75          0.41091418] [-0.95231343  0.11940299 -0.12791045]
33354 5 0 [-5.35541045 -1.89785448  0.40391791] [-110.99813433   -4.48647388   -1.36054104] [-0.82373134  0.09343284  0.33776119] [ 7.71688433 -0.84235075  1.50139925] [ 217.90904851    2.6875        0.28591418] [-1.05231343  0.01940299 -0.10791045]
33394 2 0 [-6.85541045 -5.89785448  1.84141791] [-110.99813433   -4.29897388   -1.29804104] [-1.03373134  0.24343284  0.05776119] [-0.78311567 -0.52985075  1.18889925] [  2.17846549e+02   2.56250000e+00   1.60914179e-01] [-1.06231343  0.00940299 -0.09791045]
