Time Heel Toe SAVZ SAVY SAVX SANZ SANY SANX SACZ SACY SACX AAVZ AAVY AAVX AANZ AANY AANX AACZ AACY AACX 

20520 1 2 [ 5.80284926 -0.234375   -0.07215074] [  2.75295956e+02  -1.96231618e-01   5.20680147e-01] [-0.34720588  0.04345588  0.00647059] [ -2.21461397e+00   5.28492647e-02  -9.19117647e-04] [  3.01107996e+02  -7.90441176e-02   5.90533088e-01] [-0.71610294  0.03102941  0.02022059]
20560 0 0 [-2.38465074  0.015625    0.24034926] [  2.75295956e+02  -1.96231618e-01   4.58180147e-01] [ 0.96279412  0.00345588  0.04647059] [-1.96461397 -0.07215074  0.12408088] [  3.01107996e+02  -7.90441176e-02   5.90533088e-01] [-0.70610294  0.03102941  0.03022059]
20600 0 1 [-2.19715074 -0.234375   -0.32215074] [  2.75358456e+02  -1.96231618e-01   4.58180147e-01] [-0.35720588  0.06345588 -0.00352941] [-1.96461397 -0.07215074  0.06158088] [  3.01107996e+02  -7.90441176e-02   5.90533088e-01] [-0.70610294  0.05102941  0.04022059]
20640 0 2 [ 5.55284926  0.078125    0.61534926] [  2.83295956e+02  -1.96231618e-01   4.58180147e-01] [ 0.97279412  0.00345588  0.01647059] [ 6.03538603 -0.07215074  0.18658088] [  3.01107996e+02  -7.90441176e-02   5.90533088e-01] [-0.72610294  0.05102941  0.04022059]
20665 4 0 [-2.50965074 -0.171875    0.24034926] [  2.75295956e+02  -1.96231618e-01   4.58180147e-01] [-0.32720588  0.06345588 -0.02352941] [-2.15211397 -0.07215074  0.12408088] [  2.93107996e+02  -7.90441176e-02   5.90533088e-01] [-0.71610294  0.08102941  0.04022059]
20687 4 1 [-2.69715074 -0.109375   -0.00965074] [  2.75295956e+02  -1.96231618e-01   4.58180147e-01] [-0.36720588  0.10345588 -0.02352941] [-2.08961397 -0.13465074 -0.18841912] [  2.93107996e+02  -7.90441176e-02   5.90533088e-01] [-0.71610294  0.05102941  0.02022059]
20708 0 4 [-2.94715074 -0.234375    0.80284926] [  2.75295956e+02  -1.96231618e-01   4.58180147e-01] [-0.32720588  0.05345588 -0.01352941] [-1.96461397 -0.07215074  0.06158088] [  2.93107996e+02  -7.90441176e-02   5.90533088e-01] [-0.68610294  0.03102941  0.02022059]
20734 0 1 [-3.07215074 -0.359375    0.67784926] [  2.75295956e+02  -1.96231618e-01   4.58180147e-01] [-0.32720588  0.00345588 -0.01352941] [ -2.15211397e+00  -1.34650735e-01  -9.19117647e-04] [  2.93107996e+02  -7.90441176e-02   5.90533088e-01] [-0.72610294  0.06102941  0.03022059]
20757 1 2 [-3.07215074 -0.421875    0.17784926] [  2.75295956e+02  -1.96231618e-01   4.58180147e-01] [-0.32720588  0.01345588  0.00647059] [ -2.21461397e+00  -7.21507353e-02  -9.19117647e-04] [  2.93107996e+02  -7.90441176e-02   5.90533088e-01] [-0.71610294  0.04102941  0.03022059]
20778 0 1 [-3.00965074 -0.234375    0.17784926] [  2.75295956e+02  -1.96231618e-01   4.58180147e-01] [-0.32720588  0.04345588 -0.01352941] [-2.21461397 -0.07215074 -0.06341912] [  2.93107996e+02  -7.90441176e-02   5.90533088e-01] [-0.71610294  0.05102941  0.04022059]
20805 5 0 [-3.13465074 -0.296875   -0.00965074] [  2.75295956e+02  -1.96231618e-01   4.58180147e-01] [-0.35720588  0.05345588 -0.00352941] [-2.21461397 -0.25965074 -0.31341912] [  2.93107996e+02  -7.90441176e-02   5.90533088e-01] [-0.69610294  0.04102941  0.03022059]
20828 1 3 [-3.25965074 -0.421875    0.11534926] [  2.75295956e+02  -1.96231618e-01   4.58180147e-01] [-0.37720588  0.09345588  0.01647059] [-2.15211397 -0.32215074 -0.18841912] [  2.93107996e+02  -7.90441176e-02   5.90533088e-01] [-0.69610294  0.05102941  0.05022059]
20851 0 0 [-3.44715074 -0.546875    0.42784926] [  2.75295956e+02  -1.96231618e-01   4.58180147e-01] [-0.32720588  0.06345588 -0.01352941] [-2.15211397 -0.32215074 -0.12591912] [  2.93107996e+02  -7.90441176e-02   5.90533088e-01] [-0.71610294  0.05102941  0.02022059]
20876 1 1 [-3.63465074 -0.359375    0.55284926] [  2.75295956e+02  -1.96231618e-01   4.58180147e-01] [-0.30720588 -0.00654412  0.01647059] [-2.15211397 -0.32215074 -0.25091912] [  2.93107996e+02  -7.90441176e-02   5.90533088e-01] [-0.71610294  0.04102941  0.03022059]
20898 0 0 [-3.38465074 -0.546875    0.24034926] [  2.75295956e+02  -1.96231618e-01   4.58180147e-01] [-0.32720588  0.02345588 -0.00352941] [-2.33961397  0.11534926 -0.18841912] [  2.93107996e+02  -7.90441176e-02   5.90533088e-01] [-0.71610294  0.04102941  0.05022059]
20923 2 1 [-3.38465074 -0.671875    0.05284926] [  2.75295956e+02  -1.96231618e-01   4.58180147e-01] [-0.34720588  0.06345588  0.02647059] [-2.08961397 -0.38465074 -0.12591912] [  2.93107996e+02  -7.90441176e-02   5.90533088e-01] [-0.71610294  0.03102941  0.05022059]
20947 1 0 [-3.63465074 -0.546875    0.42784926] [  2.75295956e+02  -1.96231618e-01   4.58180147e-01] [-0.31720588  0.03345588  0.00647059] [-2.02711397 -0.25965074 -0.06341912] [  2.93107996e+02  -7.90441176e-02   5.90533088e-01] [-0.69610294  0.05102941  0.04022059]
20969 2 0 [-3.57215074 -0.609375    0.61534926] [  2.75295956e+02  -1.96231618e-01   4.58180147e-01] [-0.31720588  0.00345588  0.04647059] [-2.27711397 -0.13465074 -0.25091912] [  2.93107996e+02  -7.90441176e-02   5.90533088e-01] [-0.71610294  0.04102941  0.01022059]
20995 2 2 [-3.38465074 -0.546875    0.11534926] [  2.75295956e+02  -1.96231618e-01   4.58180147e-01] [-0.32720588  0.00345588 -0.04352941] [-2.21461397 -0.19715074 -0.18841912] [  2.93107996e+02  -7.90441176e-02   5.90533088e-01] [-0.68610294  0.04102941  0.02022059]
21017 0 0 [-3.19715074 -0.359375   -0.00965074] [  2.75295956e+02  -1.96231618e-01   4.58180147e-01] [-0.30720588  0.03345588 -0.01352941] [-2.02711397 -0.25965074 -0.06341912] [  2.93107996e+02  -7.90441176e-02   5.90533088e-01] [-0.70610294  0.04102941  0.04022059]
21041 0 0 [-3.25965074 -0.296875    0.24034926] [  2.75295956e+02  -1.96231618e-01   4.58180147e-01] [-0.32720588  0.04345588  0.01647059] [-2.21461397 -0.25965074 -0.25091912] [  2.93107996e+02  -7.90441176e-02   5.90533088e-01] [-0.71610294  0.06102941  0.04022059]
21064 1 1 [-3.38465074 -0.359375    0.42784926] [  2.75295956e+02  -1.96231618e-01   4.58180147e-01] [-0.33720588  0.03345588 -0.01352941] [-2.33961397 -0.32215074 -0.06341912] [  2.93107996e+02  -7.90441176e-02   5.90533088e-01] [-0.71610294  0.02102941  0.03022059]
21087 3 2 [-3.38465074 -0.421875    0.55284926] [  2.75295956e+02  -1.96231618e-01   4.58180147e-01] [-0.31720588 -0.00654412 -0.00352941] [-2.21461397 -0.13465074 -0.31341912] [  2.93107996e+02  -7.90441176e-02   5.90533088e-01] [-0.69610294  0.02102941  0.04022059]
21109 5 1 [-3.13465074 -0.421875    0.05284926] [  2.75295956e+02  -1.96231618e-01   4.58180147e-01] [-0.30720588  0.02345588  0.03647059] [-2.08961397  0.05284926 -0.12591912] [  2.93107996e+02  -7.90441176e-02   5.90533088e-01] [-0.70610294  0.06102941 -0.00977941]
21131 1 3 [-3.13465074 -0.421875   -0.13465074] [  2.75295956e+02  -1.96231618e-01   4.58180147e-01] [-0.30720588  0.04345588 -0.00352941] [-2.21461397 -0.07215074 -0.06341912] [  2.93107996e+02  -7.90441176e-02   5.90533088e-01] [-0.72610294  0.06102941  0.05022059]
21156 0 1 [-3.19715074 -0.484375   -0.00965074] [  2.75295956e+02  -1.96231618e-01   4.58180147e-01] [-0.30720588  0.03345588  0.00647059] [ -2.27711397e+00  -2.59650735e-01  -9.19117647e-04] [  2.93107996e+02  -7.90441176e-02   5.90533088e-01] [-0.69610294  0.03102941  0.03022059]
21179 0 0 [-3.25965074 -0.234375    0.36534926] [  2.75295956e+02  -1.96231618e-01   4.58180147e-01] [-0.31720588  0.02345588  0.02647059] [-2.46461397 -0.13465074 -0.12591912] [  2.93107996e+02  -7.90441176e-02   5.90533088e-01] [-0.69610294  0.03102941  0.05022059]
21204 1 0 [-3.07215074  0.078125    0.11534926] [  2.75295956e+02  -1.96231618e-01   4.58180147e-01] [-0.30720588  0.01345588  0.03647059] [-2.46461397  0.11534926 -0.12591912] [  2.93107996e+02  -7.90441176e-02   5.90533088e-01] [-0.69610294  0.07102941  0.05022059]
21227 3 1 [-3.13465074 -0.046875   -0.50965074] [  2.75295956e+02  -1.96231618e-01   4.58180147e-01] [-0.30720588  0.04345588  0.03647059] [-2.96461397  0.55284926 -0.37591912] [  2.93107996e+02  -7.90441176e-02   5.90533088e-01] [-0.72610294  0.05102941  0.03022059]
21249 0 0 [-3.19715074  0.140625   -0.94715074] [  2.75295956e+02  -1.96231618e-01   4.58180147e-01] [-0.37720588 -0.00654412 -0.00352941] [-2.90211397  0.55284926 -0.43841912] [  2.93107996e+02  -7.90441176e-02   6.53033088e-01] [-0.70610294 -0.01897059  0.04022059]
21274 0 0 [-3.00965074  0.390625   -0.19715074] [  2.75358456e+02  -1.96231618e-01   4.58180147e-01] [-0.32720588 -0.01654412  0.00647059] [-2.40211397  0.24034926 -0.25091912] [  2.93107996e+02  -7.90441176e-02   6.53033088e-01] [-0.72610294  0.04102941  0.03022059]
21297 0 0 [-2.82215074  0.078125   -0.07215074] [  2.75358456e+02  -1.96231618e-01   4.58180147e-01] [-0.30720588  0.02345588 -0.02352941] [-2.33961397  0.42784926 -0.25091912] [  2.93107996e+02  -7.90441176e-02   6.53033088e-01] [-0.68610294  0.06102941  0.08022059]
21320 5 0 [-2.38465074  1.703125    0.36534926] [  2.75358456e+02  -1.96231618e-01   4.58180147e-01] [-0.29720588  0.02345588  0.06647059] [-2.83961397  0.80284926 -0.25091912] [  2.93107996e+02  -7.90441176e-02   6.53033088e-01] [-0.70610294  0.08102941  0.09022059]
21343 0 0 [-1.94715074  2.765625    0.74034926] [  2.75295956e+02  -2.58731618e-01   4.58180147e-01] [-0.09720588 -0.10654412 -0.04352941] [-5.96461397  2.80284926 -0.18841912] [  2.93107996e+02  -1.41544118e-01   7.15533088e-01] [ 0.58389706 -0.07897059  0.07022059]
21380 0 0 [ 7.49034926  4.015625    0.11534926] [ 283.29595588   -0.32123162    0.39568015] [ 1.01279412 -0.25654412  0.10647059] [-4.71461397  2.86534926 -0.50091912] [  2.93107996e+02  -2.04044118e-01   8.40533088e-01] [ 0.61389706 -0.02897059  0.05022059]
21418 0 0 [ 9.36534926  3.515625   -1.94715074] [  2.83420956e+02  -5.08731618e-01   2.70680147e-01] [ 1.03279412  0.08345588 -0.03352941] [-2.46461397  5.67784926 -0.31341912] [ 293.17049632   -0.32904412    0.90303309] [-0.71610294 -0.01897059 -0.01977941]
21453 0 0 [ 9.11534926  2.265625   -2.25965074] [  2.75545956e+02  -6.33731618e-01   1.45680147e-01] [-0.28720588  0.29345588 -0.02352941] [-2.46461397  4.11534926 -0.56341912] [-66.76700368  -0.51654412   0.90303309] [-0.72610294  0.05102941  0.03022059]
21477 1 2 [-0.25965074  3.640625   -1.82215074] [  2.75545956e+02  -6.33731618e-01   8.31801471e-02] [-0.20720588  0.15345588  0.01647059] [-3.21461397  4.36534926 -0.68841912] [-66.76700368  -0.57904412   0.90303309] [-0.74610294  0.04102941  0.05022059]
21502 0 0 [-1.88465074  3.390625   -3.63465074] [  2.75670956e+02  -7.58731618e-01   2.06801471e-02] [-0.21720588  0.09345588 -0.09352941] [-5.02711397  5.86534926 -0.87591912] [-66.70450368  -0.70404412   1.02803309] [ -7.56102941e-01   5.10294118e-02   2.20588235e-04]
21524 1 0 [-2.38465074  5.015625   -6.69715074] [  2.75795956e+02  -8.21231618e-01   2.06801471e-02] [-0.16720588  0.07345588  0.18647059] [-6.52711397  6.36534926 -1.12591912] [-66.70450368  -0.76654412   1.09053309] [-0.78610294  0.07102941  0.03022059]
21546 2 0 [-2.50965074  4.578125   -7.88465074] [  2.75983456e+02  -1.00873162e+00   8.31801471e-02] [-0.12720588 -0.01654412 -0.02352941] [-7.15211397  4.74034926 -1.81341912] [-66.70450368  -0.89154412   1.27803309] [-0.76610294 -0.03897059 -0.04977941]
21576 1 0 [ 5.42784926  5.953125   -8.88465074] [  2.84170956e+02  -1.07123162e+00   1.45680147e-01] [ 1.19279412  0.04345588  0.03647059] [-6.90211397  2.55284926 -2.31341912] [-58.64200368  -0.89154412   1.40303309] [ 0.51389706 -0.02897059 -0.04977941]
21613 1 0 [  5.49034926   7.953125   -13.69715074] [-75.39154412  -1.32123162   0.33318015] [ 1.06279412 -0.21654412 -0.00352941] [-4.65211397  1.36534926 -2.50091912] [-58.51700368  -0.95404412   1.59053309] [ 0.55389706 -0.15897059 -0.11977941]
21652 0 0 [ -2.32215074   9.640625   -18.75965074] [-74.70404412  -1.69623162   0.52068015] [-0.30720588  0.42345588  0.18647059] [ 8.78538603 -1.88465074 -1.31341912] [-66.51700368  -0.82904412   1.59053309] [  5.43897059e-01   1.11029412e-01   2.20588235e-04]
21690 2 0 [ -5.00965074   9.390625   -10.88465074] [-74.20404412  -2.07123162   0.64568015] [ 1.06279412  0.05345588 -0.05352941] [ 7.03538603 -3.13465074 -3.12591912] [-58.39200368  -0.70404412   1.46553309] [ 0.48389706 -0.00897059 -0.01977941]
21730 3 0 [ -5.13465074  13.765625    -7.44715074] [-74.01654412  -2.44623162   0.83318015] [ 1.11279412  0.00345588 -0.07352941] [ 7.28538603 -5.69715074 -2.62591912] [-66.32950368  -0.51654412   1.40303309] [ 0.62389706  0.04102941  0.05022059]
21766 5 0 [ -5.82215074  15.640625    -7.69715074] [-73.70404412  -3.07123162   1.02068015] [-0.51720588  0.63345588  0.09647059] [-4.46461397 -3.63465074 -2.56341912] [-58.26700368  -0.26654412   1.40303309] [ 0.47389706  0.06102941  0.08022059]
21808 7 1 [-10.13465074  13.140625    -2.88465074] [-81.64154412  -3.63373162   1.27068015] [-0.35720588 -0.21654412 -0.25352941] [-6.77711397 -2.57215074 -3.68841912] [-58.20450368  -0.14154412   1.59053309] [-0.76610294 -0.05897059  0.03022059]
21846 4 0 [ -7.75965074  15.890625   -11.00965074] [-81.32904412  -4.19623162   1.64568015] [-0.55720588 -0.17654412  0.19647059] [-8.02711397 -0.44715074 -2.87591912] [ -5.81420037e+01  -1.65441176e-02   1.77803309e+00] [ 0.60389706  0.03102941  0.08022059]
21884 6 0 [ -6.25965074  10.828125    -3.69715074] [-73.07904412  -4.75873162   1.89568015] [-1.24720588  0.08345588  0.18647059] [-9.52711397  1.80284926 -2.18841912] [ -5.80795037e+01   4.59558824e-02   2.09053309e+00] [ 0.47389706 -0.08897059 -0.00977941]
21921 9 0 [-7.07215074  5.953125    1.30284926] [-73.07904412  -5.00873162   2.08318015] [-1.26720588  0.18345588  0.17647059] [ -6.83961397e+00   1.42784926e+00  -9.19117647e-04] [ -6.61420037e+01  -1.65441176e-02   2.27803309e+00] [ 0.57389706 -0.06897059  0.04022059]
21960 5 0 [ -6.88465074  -0.859375    15.42784926] [-81.45404412  -5.07123162   2.08318015] [ 1.12279412  0.06345588 -0.03352941] [-6.96461397  2.05284926  1.37408088] [-58.20450368  -0.07904412   2.40303309] [ 0.49389706  0.16102941  0.04022059]
21998 4 0 [ -6.13465074  -2.234375    21.80284926] [-82.26654412  -5.00873162   1.89568015] [-0.52720588 -0.22654412  0.36647059] [-7.58961397  1.86534926  1.68658088] [-58.26700368  -0.14154412   2.65303309] [-0.82610294 -0.18897059 -0.09977941]
22036 3 0 [ -4.13465074  -8.171875    24.55284926] [-83.26654412  -4.82123162   1.52068015] [-0.33720588 -0.29654412  0.12647059] [-3.96461397  0.36534926  1.99908088] [-58.39200368  -0.20404412   2.71553309] [ 0.47389706 -0.05897059 -0.06977941]
22073 3 0 [ -1.32215074 -10.296875    20.42784926] [ 283.98345588   -4.44623162    1.20818015] [ 1.25279412 -0.19654412 -0.17352941] [-1.71461397 -0.63465074  1.74908088] [-58.45450368  -0.26654412   2.71553309] [ 0.52389706  0.09102941  0.06022059]
22113 5 1 [  7.74034926  -8.796875    16.80284926] [ 283.29595588   -4.13373162    0.83318015] [-0.39720588  0.06345588 -0.14352941] [-3.27711397 -1.13465074  0.74908088] [-66.51700368  -0.26654412   2.71553309] [-0.88610294 -0.10897059 -0.07977941]
22153 6 0 [ 0.11534926 -8.484375    8.17784926] [ 282.98345588   -3.82123162    0.64568015] [-0.27720588 -0.68654412 -0.19352941] [ 9.66038603 -4.63465074  0.31158088] [-58.51700368  -0.14154412   2.59053309] [ 0.52389706 -0.21897059 -0.13977941]
22192 3 0 [ 5.11534926 -1.046875   -3.88465074] [ 283.10845588   -3.69623162    0.39568015] [ 0.38279412  0.19345588  0.39647059] [ 8.16038603 -2.25965074 -0.68841912] [ -5.85170037e+01  -1.65441176e-02   2.34053309e+00] [ 0.55389706  0.22102941  0.15022059]
22229 5 0 [ 7.99034926  1.890625   -0.44715074] [  2.83170956e+02  -3.82123162e+00   8.31801471e-02] [-0.71720588  0.27345588 -0.12352941] [-4.52711397 -1.13465074 -1.43841912] [ -5.84545037e+01   4.59558824e-02   2.46553309e+00] [-0.85610294 -0.23897059 -0.08977941]
22267 7 1 [ 9.55284926  3.828125    5.17784926] [ 283.10845588   -3.94623162   -0.47931985] [ 0.95279412 -0.79654412  0.28647059] [ 7.47288603 -1.88465074 -0.12591912] [-58.45450368   0.10845588   2.40303309] [-0.79610294 -0.15897059 -0.05977941]
22308 5 0 [ 25.05284926   1.640625    -0.38465074] [ 275.23345588   -3.94623162   -1.16681985] [-0.16720588  0.22345588  0.38647059] [-0.08961397 -2.19715074  0.62408088] [-58.45450368   0.17095588   2.27803309] [-0.78610294  0.06102941  0.04022059]
22346 4 0 [ 24.05284926  -1.734375     9.11534926] [ 275.17095588   -3.94623162   -1.97931985] [-0.73720588  0.26345588 -0.22352941] [-2.83961397 -1.50965074  0.87408088] [-58.51700368   0.23345588   2.21553309] [ 0.48389706 -0.19897059 -0.12977941]
22385 3 1 [ 25.36534926  -1.984375    12.92784926] [ 282.85845588   -3.88373162   -2.91681985] [-0.45720588 -0.41654412  0.50647059] [-0.65211397 -1.00965074  2.93658088] [-58.64200368   0.23345588   2.15303309] [ 0.65389706 -0.03897059  0.04022059]
22423 0 3 [ 28.92784926  -5.359375    16.92784926] [ 282.35845588   -3.63373162   -4.04181985] [ 1.26279412 -0.25654412  0.15647059] [-3.65211397  2.05284926  3.18658088] [-66.70450368   0.17095588   2.09053309] [ 0.78389706  0.01102941  0.13022059]
22461 0 1 [ 22.67784926  -2.046875    19.36534926] [ 281.85845588   -3.44623162   -5.35431985] [ 1.09279412 -1.12654412  0.25647059] [ -7.90211397  13.30284926   6.31158088] [  3.01107996e+02  -1.41544118e-01   2.34053309e+00] [-0.73610294 -0.14897059  0.01022059]
22498 0 4 [ 31.67784926   1.203125    20.11534926] [ 281.23345588   -3.38373162   -6.91681985] [ 1.42279412 -0.25654412  1.23647059] [-10.02711397  25.92784926  10.43658088] [ 300.92049632   -1.01654412    2.59053309] [ 0.95389706  0.19102941  0.65022059]
22538 0 4 [ 39.49034926   6.765625    36.24034926] [ 272.48345588   -3.44623162   -8.47931985] [ 1.04279412 -0.03654412  2.01647059] [-25.02711397  61.74034926  14.31158088] [ 300.67049632   -2.89154412    3.52803309] [ 1.37389706  0.93102941  1.05022059]
22576 0 7 [ 41.36534926  -0.109375    34.80284926] [ 279.42095588   -3.32123162  -10.72931985] [-0.56720588  0.77345588  0.37647059] [-21.15211397  84.67784926   5.99908088] [ 300.92049632   -5.70404412    5.02803309] [ 0.65389706 -1.75897059 -0.10977941]
22614 0 7 [ 10.49034926   2.015625    44.05284926] [ 277.92095588   -3.07123162  -12.35431985] [-3.13720588  1.44345588  0.45647059] [ 15.78538603  92.11534926  31.74908088] [ 292.98299632   -8.32904412    5.21553309] [ 0.95389706 -1.00897059  0.47022059]
22651 0 10 [ -9.88465074  13.328125    53.99034926] [ 267.79595588   -3.00873162  -12.72931985] [-1.36720588 -2.44654412  3.21647059] [   7.28538603  138.86534926   74.43658088] [ 300.10799632  -13.26654412    5.02803309] [ 1.01389706 -1.26897059  1.79022059]
22689 0 1 [-21.07215074  31.953125    62.11534926] [ 265.17095588   -3.44623162  -12.97931985] [ 1.30279412 -5.10654412  9.04647059] [ -10.15211397  257.49034926  151.37408088] [ 297.29549632  -22.57904412    5.59053309] [ 3.97389706 -2.05897059  2.86022059]
22726 0 0 [  6.99034926 -31.296875    66.17784926] [ 263.17095588   -2.69623162  -13.66681985] [ 4.21279412 -6.75654412  5.68647059] [  29.72288603  382.61534926  176.18658088] [ 293.79549632  -37.70404412    8.52803309] [-9.20610294  0.60102941  5.16022059]
22763 0 0 [  8.24034926 -73.046875    -1.57215074] [  2.63108456e+02  -2.58731618e-01  -1.41043199e+01] [-3.47720588 -2.37654412 -0.73352941] [ -36.71461397  179.49034926   74.62408088] [ 284.29549632  -45.64154412   17.09053309] [-11.97610294  -3.52897059   4.76022059]
22799 0 0 [ 70.49034926  23.515625   -73.07215074] [ 265.98345588   -1.38373162  -16.10431985] [-3.15720588  6.61345588  4.76647059] [  8.78538603  -0.63465074  95.18658088] [ 280.67049632  -48.89154412   11.59053309] [-19.96610294  -2.38897059   1.15022059]
22837 0 0 [ 153.74034926   54.515625     19.55284926] [ 266.79595588   -3.19623162  -20.29181985] [-0.45720588  0.22345588  3.63647059] [-44.40211397  -0.75965074  79.93658088] [  2.84107996e+02  -4.96415441e+01  -9.69669118e-02] [-3.99610294 -5.39897059 -0.45977941]
22873 0 0 [ 139.36534926   65.703125     69.36534926] [ 264.79595588   -4.25873162  -26.91681985] [-0.94720588  0.04345588  4.44647059] [  22.78538603  105.24034926   53.81158088] [ 274.35799632  -53.14154412   -1.84696691] [-4.76610294 -4.35897059  3.56022059]
22913 0 0 [ 136.99034926   48.515625     52.36534926] [ 263.29595588   -4.88373162  -33.41681985] [-0.79720588 -3.15654412  3.12647059] [ 26.03538603  67.92784926  43.49908088] [ 273.67049632  -56.89154412  -24.28446691] [-4.53610294 -4.00897059  4.59022059]
22949 0 0 [ 129.74034926   33.890625    -15.69715074] [ 264.35845588   -6.13373162  -38.85431985] [-0.62720588 -2.50654412  0.80647059] [ 44.97288603  37.80284926  43.49908088] [ 281.42049632  -58.76654412  -26.03446691] [ 1.25389706 -5.78897059  4.23022059]
22989 0 0 [ 97.55284926  10.828125   -56.50965074] [ 266.35845588   -7.50873162  -41.72931985] [ 1.31279412 -2.68654412 -2.21352941] [ 52.16038603  -0.50965074 -29.18841912] [ 283.92049632  -59.01654412  -25.47196691] [ 3.88389706 -3.11897059  4.45022059]
23026 0 0 [ 59.24034926   3.515625   -67.44715074] [ 269.42095588   -9.44623162  -43.72931985] [ 1.47279412 -3.54654412 -2.65352941] [ 44.97288603 -68.25965074 -82.12591912] [ 279.35799632  -56.95404412  -23.40946691] [ 9.25389706  0.53102941  2.56022059]
23064 0 0 [ -9.38465074 -35.171875   -34.38465074] [ 279.98345588  -10.32123162  -43.47931985] [ 3.59279412 -2.82654412 -3.99352941] [  24.84788603 -133.94715074  -31.75091912] [ 282.42049632  -52.07904412    0.71553309] [ 10.46389706  -1.04897059   0.46022059]
23102 0 0 [-72.63465074 -59.234375   -22.07215074] [ 280.79595588   -9.13373162  -40.54181985] [ 4.19279412 -7.24654412 -7.09352941] [  26.28538603 -162.88465074  -61.50091912] [ 284.29549632  -45.89154412   -4.65946691] [ 11.86389706  -1.49897059  -2.95977941]
23141 0 0 [-112.44715074  -60.546875    -79.88465074] [ 283.17095588   -8.94623162  -34.72931985] [ 2.86279412 -2.12654412 -7.34352941] [   8.97288603 -153.50965074 -111.06341912] [ 295.79549632  -38.89154412   -2.03446691] [ 6.53389706  1.77102941 -2.81977941]
23180 0 0 [-149.94715074  -64.234375    -67.19715074] [-83.14154412  -8.50873162 -29.35431985] [ 1.73279412 -0.21654412 -6.39352941] [ -11.02711397 -179.38465074  -79.62591912] [ 298.04549632  -31.39154412   -1.34696691] [ 3.41389706  1.03102941 -3.24977941]
23217 0 0 [-165.19715074  -53.296875    -45.00965074] [-74.01654412  -7.44623162 -21.91681985] [ 1.41279412 -0.39654412 -4.77352941] [ -30.40211397 -178.50965074  -66.93841912] [ 290.79549632  -25.76654412   -1.34696691] [-1.19610294  0.46102941 -2.72977941]
23256 0 0 [-153.13465074  -38.171875    -67.38465074] [-80.95404412  -6.50873162 -14.72931985] [-0.46720588  1.65345588 -1.40352941] [ -21.52711397 -147.94715074  -90.56341912] [  3.00357996e+02  -1.88915441e+01  -3.44669118e-02] [-5.30610294  3.10102941 -1.30977941]
23292 0 0 [-118.44715074  -28.546875    -39.44715074] [-71.51654412  -5.63373162  -8.47931985] [-1.53720588  4.86345588  1.17647059] [ -20.96461397 -137.57215074  -49.68841912] [-58.70450368 -12.76654412   0.71553309] [-6.40610294  2.08102941 -1.97977941]
23328 0 0 [-87.32215074 -33.921875   -12.69715074] [-71.51654412  -4.69623162  -5.35431985] [-0.81720588  1.60345588  0.98647059] [-11.46461397 -85.13465074 -57.68841912] [-65.82950368  -9.32904412   1.15303309] [-4.64610294  3.76102941 -0.45977941]
23366 0 0 [-40.44715074 -20.921875   -46.63465074] [-70.45404412  -3.88373162  -2.79181985] [ 0.11279412  2.57345588  0.51647059] [  8.03538603 -59.57215074 -28.50091912] [-64.95450368  -6.39154412   0.96553309] [-2.55610294  2.05102941 -1.60977941]
23405 0 0 [-21.32215074 -25.234375   -37.82215074] [-76.95404412  -3.00873162  -1.29181985] [ 0.41279412  1.90345588 -2.40352941] [ 11.22288603 -26.07215074 -47.68841912] [-55.51700368  -4.45404412   0.96553309] [-1.71610294  1.41102941 -2.31977941]
23442 0 0 [ -6.32215074 -10.109375   -44.69715074] [-75.51654412  -2.44623162  -0.35431985] [-0.60720588  1.88345588 -1.23352941] [ 12.53538603  -8.88465074 -36.18841912] [-53.76700368  -3.14154412   1.40303309] [-1.28610294  2.27102941 -1.75977941]
23480 0 0 [  9.55284926  -6.171875   -29.38465074] [ -7.42040441e+01  -2.19623162e+00  -4.18198529e-02] [-0.70720588  2.39345588 -1.27352941] [ 6.91038603  8.11534926 -4.62591912] [-53.57950368  -3.32904412   0.96553309] [-21.85610294  -1.36897059   6.60022059]
23515 0 0 [ 27.05284926  66.953125    19.24034926] [-74.26654412  -2.88373162  -0.47931985] [ -6.27720588   3.61345588  13.11647059] [  7.53538603  12.67784926   0.87408088] [-53.70450368  -2.51654412  -0.22196691] [ 9.23389706  4.16102941  3.07022059]
23554 0 0 [  34.17784926 -144.359375      6.11534926] [-74.95404412  -3.32123162  -2.66681985] [ -3.06720588   2.01345588 -12.24352941] [  6.66038603   9.74034926  15.18658088] [-54.32950368  -3.76654412  -0.34696691] [-2.02610294  1.70102941 -0.91977941]
23593 0 0 [ 24.36534926  47.390625     2.67784926] [-74.45404412  -5.13373162  -3.66681985] [-0.69720588  1.25345588  0.08647059] [ 10.91038603 -10.63465074   0.87408088] [-54.57950368  -3.51654412  -0.84696691] [ 0.79389706  0.44102941  0.39022059]
23633 0 0 [ 27.67784926  28.265625    10.11534926] [-74.64154412  -5.94623162  -5.10431985] [-0.72720588  0.11345588 -1.46352941] [ 4.41038603 -5.19715074  2.31158088] [-54.64200368  -3.32904412  -1.15946691] [-1.07610294  0.46102941 -0.14977941]
23669 0 0 [ 27.92784926  28.640625    -0.25965074] [-74.32904412  -6.75873162  -5.79181985] [-0.80720588 -0.12654412  0.74647059] [ 1.03538603 -8.82215074  1.43658088] [-54.70450368  -3.07904412  -1.34696691] [ 0.69389706 -0.09897059 -0.11977941]
23707 1 1 [  4.99034926  18.578125    21.49034926] [-75.14154412  -7.44623162  -6.72931985] [-0.81720588  0.44345588 -0.56352941] [  9.91038603 -19.82215074  -2.37591912] [-54.82950368  -2.57904412  -1.65946691] [-1.08610294  0.39102941 -0.13977941]
23745 0 2 [  6.17784926  16.890625    -8.57215074] [-75.20404412  -8.00873162  -7.04181985] [-0.60720588  2.01345588  1.19647059] [-3.71461397 -9.82215074 -7.06341912] [-54.76700368  -1.95404412  -1.53446691] [ 0.48389706  0.28102941  0.10022059]
23784 0 3 [-20.82215074   9.578125    -7.94715074] [-74.82904412  -8.38373162  -6.47931985] [-1.03720588  2.37345588  0.53647059] [-18.08961397  -3.13465074  -6.25091912] [-54.70450368  -1.70404412  -0.90946691] [-0.73610294 -0.20897059  0.05022059]
23821 0 3 [-35.38465074  -1.671875     2.61534926] [-75.07904412  -8.44623162  -5.29181985] [-0.97720588  0.74345588  0.36647059] [-21.52711397   3.55284926  -4.62591912] [ -5.46420037e+01  -1.70404412e+00  -3.44669118e-02] [ 0.54389706 -0.54897059 -0.10977941]
23859 0 3 [-40.13465074 -11.234375     6.11534926] [-75.70404412  -8.13373162  -3.97931985] [-0.79720588  0.74345588 -0.83352941] [-5.27711397  1.24034926 -0.06341912] [-54.70450368  -1.76654412   0.40303309] [-0.93610294 -0.50897059 -0.14977941]
23897 0 3 [-38.32215074   1.203125    39.11534926] [-76.95404412  -8.07123162  -3.22931985] [-0.36720588 -0.81654412  0.24647059] [-6.02711397 -1.19715074  2.43658088] [-54.82950368  -1.82904412   0.59053309] [-0.91610294 -0.07897059 -0.10977941]
23936 0 4 [-40.13465074 -13.234375    32.11534926] [-78.82904412  -7.63373162  -2.35431985] [-0.71720588 -1.12654412 -0.21352941] [-2.27711397 -4.69715074  1.31158088] [-54.95450368  -1.70404412   0.52803309] [-0.79610294 -0.56897059 -0.12977941]
23972 0 2 [-19.44715074 -19.734375     3.61534926] [-71.51654412  -7.07123162  -1.47931985] [-0.67720588 -0.73654412 -0.07352941] [ 3.09788603 -5.94715074  1.37408088] [-55.01700368  -1.57904412   0.34053309] [ 0.47389706 -0.33897059 -0.12977941]
24008 4 2 [-21.25965074 -25.296875     1.74034926] [-71.70404412  -6.07123162  -0.72931985] [-0.60720588  0.08345588 -1.02352941] [ 9.16038603 -4.63465074  0.87408088] [ -5.50170037e+01  -1.45404412e+00  -3.44669118e-02] [-0.86610294  0.02102941 -0.07977941]
24047 5 4 [-22.69715074 -13.859375    -7.50965074] [-79.57904412  -5.57123162  -0.10431985] [-0.35720588  0.03345588  0.44647059] [ 11.91038603  -0.82215074   0.12408088] [-54.95450368  -1.32904412  -0.40946691] [ 0.74389706 -0.24897059  0.06022059]
24085 2 0 [-25.88465074 -22.859375     6.17784926] [-79.82904412  -4.75873162   0.64568015] [-0.44720588  0.00345588 -0.04352941] [ 2.16038603  3.42784926  0.18658088] [-54.89200368  -1.45404412  -0.53446691] [-0.82610294 -0.43897059 -0.16977941]
24125 4 0 [-23.38465074 -20.859375    15.36534926] [-72.39154412  -3.88373162   1.33318015] [ 1.96279412 -0.34654412  0.70647059] [ 2.09788603 -2.69715074  0.37408088] [-62.82950368  -1.39154412  -0.78446691] [-0.58610294  0.27102941 -0.02977941]
24161 5 3 [-21.13465074 -23.734375    22.92784926] [-73.26654412  -3.00873162   1.77068015] [ 1.75279412 -0.45654412  0.36647059] [-3.77711397 -5.44715074 -1.25091912] [-54.82950368  -1.26654412  -0.78446691] [ 0.47389706  0.18102941 -0.14977941]
24200 5 1 [-11.88465074 -19.984375    15.92784926] [-81.95404412  -2.32123162   1.95818015] [ 1.69279412 -1.90654412 -0.56352941] [-3.90211397 -8.19715074 -2.87591912] [-54.82950368  -1.01654412  -0.72196691] [-0.88610294 -0.09897059 -0.25977941]
24239 5 0 [ 11.05284926  -4.296875    -9.25965074] [-81.89154412  -2.00873162   1.70818015] [-0.38720588 -0.31654412  0.23647059] [ 7.03538603 -6.88465074 -3.81341912] [-54.76700368  -0.64154412  -0.72196691] [-0.78610294 -0.04897059 -0.08977941]
24275 6 0 [ 25.80284926  -7.859375   -20.32215074] [-73.01654412  -1.82123162   1.20818015] [-1.05720588  1.54345588 -0.14352941] [ 1.03538603 -5.88465074 -4.00091912] [-54.64200368  -0.39154412  -0.78446691] [-0.86610294 -0.25897059 -0.10977941]
24313 7 2 [ 10.61534926   1.328125     2.99034926] [-72.76654412  -1.63373162   0.64568015] [ 1.22279412 -1.09654412  0.30647059] [-4.21461397 -3.75965074 -3.93841912] [-62.57950368  -0.20404412  -0.84696691] [-0.91610294 -0.21897059 -0.07977941]
24348 6 0 [ 19.30284926  -2.921875    -2.57215074] [ -7.25790441e+01  -1.63373162e+00  -4.18198529e-02] [-0.52720588  0.03345588 -0.75352941] [-5.33961397 -3.88465074 -1.68841912] [ -5.45170037e+01  -1.65441176e-02  -5.96966912e-01] [ 0.69389706 -0.53897059 -0.18977941]
24386 3 1 [ 26.49034926  -0.484375    14.55284926] [-72.82904412  -1.69623162  -0.79181985] [ 0.18279412 -0.70654412  0.57647059] [ 0.97288603 -4.13465074  1.93658088] [ -5.45795037e+01   4.59558824e-02  -7.21966912e-01] [-0.54610294  0.29102941  0.14022059]
24422 0 3 [ 22.17784926  -5.609375     8.61534926] [-73.07904412  -1.57123162  -1.85431985] [ 0.95279412  0.28345588  0.82647059] [-4.52711397  4.55284926  1.49908088] [ -6.26420037e+01  -1.65441176e-02  -5.34466912e-01] [  6.43897059e-01  -3.08970588e-01   2.20588235e-04]
24459 0 4 [ 15.92784926  -9.734375    31.92784926] [-74.01654412  -1.19623162  -2.97931985] [-0.78720588 -0.12654412 -0.04352941] [-5.33961397  9.74034926  6.06158088] [-54.89200368  -0.39154412  -0.09696691] [ 0.68389706 -0.29897059  0.05022059]
24496 0 5 [ 27.99034926  -6.609375    25.11534926] [-82.76654412  -1.00873162  -3.91681985] [-0.37720588  0.29345588  0.40647059] [-14.15211397  17.49034926   7.99908088] [-55.14200368  -1.07904412   0.40303309] [ 0.51389706 -0.00897059  0.12022059]
24535 0 6 [ 21.92784926  -0.171875    24.42784926] [-83.45404412  -0.63373162  -4.97931985] [-0.45720588 -1.25654412  1.42647059] [-15.65211397  32.05284926   9.56158088] [-55.39200368  -2.26654412   1.02803309] [ 0.59389706 -0.44897059  1.20022059]
24572 0 6 [  9.61534926  15.765625    32.24034926] [ 283.35845588   -1.07123162   -5.91681985] [ 1.71279412 -0.07654412  3.91647059] [ -8.33961397  93.86534926  18.06158088] [-63.51700368  -4.45404412   1.71553309] [ 0.98389706 -0.30897059  1.84022059]
24609 0 3 [ 10.17784926   5.140625    44.92784926] [ 281.79595588   -1.13373162   -6.91681985] [-0.41720588 -0.71654412  3.23647059] [ -24.71461397  170.24034926   39.24908088] [-55.51700368  -9.82904412   3.46553309] [ 1.69389706 -0.66897059  1.35022059]
24646 0 0 [ -8.69715074   5.453125    47.86534926] [ 272.35845588   -1.25873162   -7.35431985] [-1.56720588 -1.12654412  3.77647059] [ -42.58961397  217.24034926   79.31158088] [-56.89200368 -18.20404412   6.52803309] [   0.98389706  326.46102941    0.80022059]
24685 0 0 [-23.07215074 -36.859375    52.92784926] [  2.70420956e+02  -1.33731618e-01  -7.35431985e+00] [-0.26720588 -3.15654412  0.23647059] [ -13.90211397  250.17784926  104.68658088] [-66.51700368 -25.82904412   9.09053309] [-8.92610294 -2.88897059  2.88022059]
24722 0 0 [  5.74034926  -1.421875    18.05284926] [ 276.92095588    1.05376838   -7.41681985] [-3.03720588 -5.86654412  0.39647059] [ 12.28538603  93.49034926  66.99908088] [ 291.92049632  -33.39154412   10.96553309] [-7.69610294 -3.20897059  1.30022059]
24760 0 0 [ 82.36534926  44.953125   -61.63465074] [ 279.04595588   -0.69623162   -9.79181985] [-3.01720588  4.89345588  1.39647059] [  39.41038603   18.67784926  102.74908088] [ 297.48299632  -35.89154412    6.52803309] [-13.72610294  -0.89897059   0.70022059]
24798 0 0 [ 163.36534926   81.140625    -19.44715074] [ 280.92095588   -3.50873162  -15.85431985] [-2.73720588  3.06345588  5.45647059] [-23.33961397  53.61534926  88.99908088] [ 294.42049632  -37.64154412    0.40303309] [-4.06610294 -1.25897059  0.83022059]
24835 0 0 [ 119.11534926   89.640625    109.61534926] [ 270.67095588   -5.19623162  -20.72931985] [-2.37720588  1.19345588  5.64647059] [ -35.21461397  112.11534926  123.37408088] [ 282.85799632  -41.64154412   -2.34696691] [-7.14610294 -3.32897059  6.35022059]
24873 0 0 [ 118.24034926   75.828125    135.67784926] [ 265.85845588   -5.75873162  -27.79181985] [-1.41720588 -2.78654412  6.43647059] [ -18.40211397   53.92784926  122.99908088] [ 277.35799632  -46.39154412  -11.34696691] [-5.23610294 -4.71897059  4.95022059]
24909 0 0 [ 136.61534926   45.140625     80.30284926] [ 262.98345588   -5.69623162  -34.79181985] [ 1.26279412 -3.25654412  2.00647059] [   6.59788603  110.11534926   65.37408088] [ 281.92049632  -50.32904412  -22.28446691] [-0.99610294 -4.20897059  3.06022059]
24946 0 0 [ 138.11534926   48.015625    -19.44715074] [ 263.23345588   -6.63373162  -39.41681985] [ 2.10279412 -3.34654412 -1.35352941] [ 20.84788603  81.55284926   0.31158088] [ 282.17049632  -53.76654412  -24.84696691] [ 1.11389706 -3.99897059  6.36022059]
24986 0 0 [ 102.24034926   48.890625    -71.07215074] [ 266.17095588   -9.50873162  -43.85431985] [ 1.12279412 -3.56654412  0.05647059] [ 37.47288603   6.86534926 -40.31341912] [ 276.04549632  -54.26654412  -19.65946691] [ 8.48389706 -0.80897059  4.51022059]
25024 0 0 [ 56.74034926  -2.171875   -48.82215074] [ 277.04595588  -11.75873162  -46.10431985] [ 1.90279412 -3.02654412 -0.98352941] [ 36.53538603 -63.32215074 -35.62591912] [ 278.92049632  -52.89154412  -14.28446691] [ 11.12389706  -2.53897059   3.37022059]
25060 0 0 [-19.19715074 -53.859375   -18.69715074] [ 278.73345588  -11.25873162  -45.54181985] [ 4.09279412 -7.36654412 -4.71352941] [  25.16038603 -145.57215074  -64.75091912] [ 281.79549632  -47.89154412  -11.72196691] [ 11.92389706  -2.60897059   0.31022059]
25098 0 0 [-76.94715074 -63.171875   -54.88465074] [ 280.04595588  -10.88373162  -42.91681985] [ 4.36279412 -6.09654412 -5.39352941] [  13.41038603 -156.32215074  -95.50091912] [ 293.35799632  -41.07904412   -7.59696691] [ 9.24389706 -1.38897059 -1.38977941]
25136 0 0 [-133.44715074  -76.984375    -97.13465074] [ 275.17095588  -10.94623162  -36.10431985] [ 2.13279412 -1.59654412 -6.14352941] [  -1.90211397 -183.82215074 -115.43841912] [ 288.35799632  -35.14154412   -4.65946691] [ 3.38389706  1.31102941 -1.75977941]
25174 0 0 [-165.63465074  -84.671875    -76.50965074] [-74.26654412 -10.00873162 -27.54181985] [ 2.21279412  0.13345588 -5.04352941] [ -22.46461397 -207.57215074  -92.50091912] [ 290.79549632  -26.32904412   -3.34696691] [ 1.48389706  1.38102941 -3.36977941]
25210 0 0 [-179.25965074  -77.984375    -60.00965074] [-72.82904412  -8.19623162 -19.04181985] [ 1.81279412  1.33345588 -4.78352941] [ -24.27711397 -174.38465074  -88.68841912] [ 300.60799632  -18.20404412   -1.97196691] [-3.80610294  2.13102941 -4.08977941]
25248 0 0 [-149.00965074  -54.796875    -58.50965074] [-79.89154412  -7.13373162 -13.66681985] [-1.45720588  3.77345588 -2.76352941] [ -34.33961397 -149.13465074  -84.93841912] [-57.76700368 -11.51654412  -0.47196691] [-6.08610294  3.00102941 -3.28977941]
25288 0 0 [-115.38465074  -38.984375    -32.82215074] [-70.95404412  -5.82123162  -8.04181985] [-1.50720588  3.41345588 -0.59352941] [ -28.77711397 -113.44715074  -55.81341912] [-56.76700368  -6.39154412   0.65303309] [-7.12610294  2.19102941 -4.30977941]
25324 0 0 [-57.69715074 -20.046875   -45.38465074] [-70.51654412  -4.82123162  -4.29181985] [-0.54720588  2.67345588 -1.66352941] [ -6.65211397 -50.44715074 -56.06341912] [-63.51700368  -3.95404412   1.65303309] [-7.85610294  4.75102941 -2.56977941]
25360 0 0 [-22.88465074   0.140625   -41.50965074] [-68.89154412  -4.57123162  -2.16681985] [-1.26720588  4.64345588  1.13647059] [ 10.78538603 -27.94715074  -6.06341912] [-55.01700368  -2.39154412   1.77803309] [-4.35610294  2.61102941 -2.05977941]
25398 0 0 [ -1.63465074 -18.046875     2.67784926] [-76.70404412  -4.25873162  -1.97931985] [-3.50720588  4.88345588 -1.83352941] [ 39.91038603 -64.63465074  45.81158088] [-56.01700368  -1.20404412  -0.28446691] [ 1.25389706 -1.87897059  5.48022059]
25437 0 0 [  43.99034926  159.765625     25.55284926] [-77.32904412  -7.32123162  -3.47931985] [ 1.55279412 -3.50654412 -0.79352941] [  3.53538603  31.30284926  18.37408088] [-63.95450368  -1.32904412  -0.72196691] [-1.32610294  0.83102941 -0.67977941]
25472 0 0 [ 26.36534926  38.578125    -9.69715074] [-68.89154412  -6.07123162  -4.91681985] [-1.48720588  3.58345588 -2.44352941] [ -6.77711397   6.11534926  13.06158088] [-56.51700368  -2.57904412  -0.84696691] [-3.12610294 -0.08897059 -2.24977941]
25508 0 0 [ 15.74034926  25.953125    27.30284926] [-69.39154412  -7.13373162  -6.16681985] [ 1.00279412  0.18345588  0.58647059] [  8.28538603 -30.07215074   3.49908088] [-56.82950368  -2.14154412  -1.15946691] [ 1.19389706 -0.21897059  0.61022059]
25546 0 0 [ 24.67784926  23.078125     7.61534926] [-69.82904412  -7.88373162  -7.04181985] [-1.22720588 -0.33654412  1.23647059] [ 8.84788603 -6.00965074  2.37408088] [-64.95450368  -1.45404412  -1.34696691] [-0.22610294 -0.98897059  0.37022059]
25582 0 2 [ 11.05284926  16.265625    35.55284926] [-70.76654412  -8.44623162  -8.16681985] [-0.58720588  0.40345588 -1.35352941] [  9.47288603 -10.00965074  15.68658088] [-57.39200368  -1.51654412  -1.90946691] [-1.72610294  0.50102941 -0.76977941]
25618 0 7 [ 12.55284926  18.453125    38.80284926] [-72.26654412  -8.94623162  -9.22931985] [ 1.11279412 -2.20654412  0.82647059] [ 12.34788603 -25.32215074  -0.56341912] [-57.57950368  -1.01654412  -2.47196691] [ 0.83389706  0.10102941  0.04022059]
25655 0 9 [  5.24034926  15.890625   -18.44715074] [-80.07904412  -9.44623162  -9.22931985] [-1.28720588  2.40345588  0.45647059] [ -5.58961397 -16.00965074  -6.62591912] [-57.57950368  -0.20404412  -2.34696691] [-0.84610294 -0.44897059  0.05022059]
25695 0 8 [-20.00965074   8.015625     3.42784926] [-71.95404412  -9.69623162  -8.54181985] [-1.99720588  1.43345588  0.31647059] [-3.08961397 -2.50965074 -3.75091912] [-65.51700368   0.17095588  -1.97196691] [-0.85610294 -0.67897059 -0.08977941]
25732 2 9 [-35.57215074  -6.546875    10.55284926] [-72.57904412  -9.50873162  -7.47931985] [-1.03720588  0.20345588 -0.56352941] [-2.96461397 -0.57215074 -1.06341912] [-57.51700368   0.17095588  -1.78446691] [-1.22610294 -0.00897059 -0.24977941]
25768 0 9 [-37.13465074  -4.109375     4.86534926] [-73.01654412  -9.25873162  -6.22931985] [ 1.02279412  0.20345588  0.68647059] [ 7.78538603 -4.69715074 -0.81341912] [-57.51700368   0.29595588  -1.84696691] [-0.96610294  0.30102941 -0.06977941]
25804 2 6 [-39.82215074 -18.796875     5.67784926] [-73.39154412  -8.75873162  -5.22931985] [-0.85720588  0.72345588 -0.18352941] [ 7.59788603 -1.82215074  0.06158088] [-57.51700368   0.42095588  -1.97196691] [-1.14610294 -0.06897059 -0.24977941]
25846 3 7 [-35.44715074 -11.234375    14.67784926] [-82.20404412  -8.13373162  -3.85431985] [ 0.49279412  0.03345588  0.40647059] [-4.33961397 -0.82215074 -0.12591912] [-65.51700368   0.42095588  -1.97196691] [-0.91610294  0.36102941 -0.03977941]
25888 2 3 [-39.69715074 -22.921875     8.67784926] [-82.82904412  -7.38373162  -2.54181985] [-0.90720588 -0.47654412 -0.35352941] [-9.90211397 -2.75965074 -0.62591912] [-65.57950368   0.48345588  -1.78446691] [-1.18610294 -0.27897059 -0.28977941]
25927 3 5 [-39.25965074 -22.046875     8.67784926] [-75.51654412  -6.63373162  -1.22931985] [-0.88720588 -1.22654412 -0.01352941] [ 7.09788603 -1.44715074  0.37408088] [-65.64200368   0.54595588  -1.65946691] [-1.06610294 -0.13897059 -0.26977941]
25963 3 4 [-25.88465074 -21.296875    -8.82215074] [-75.70404412  -5.69623162  -0.16681985] [ 1.88279412 -1.89654412 -0.06352941] [ 5.84788603 -4.69715074  0.43658088] [-57.57950368   0.60845588  -1.90946691] [-1.11610294  0.51102941 -0.11977941]
26003 3 6 [-19.38465074 -16.109375   -19.63465074] [-75.07904412  -5.00873162   0.83318015] [ 1.24279412  0.48345588 -0.10352941] [ 1.72288603 -4.44715074 -1.37591912] [-57.57950368   0.79595588  -2.09696691] [-0.99610294 -0.03897059 -0.22977941]
26041 4 5 [-22.00965074 -11.921875     3.86534926] [-75.14154412  -4.50873162   1.52068015] [ 0.59279412 -1.21654412 -0.03352941] [-1.90211397 -4.69715074 -2.12591912] [-57.51700368   0.98345588  -2.15946691] [-0.99610294  0.52102941 -0.10977941]
26080 4 1 [-10.07215074 -13.109375    11.67784926] [-75.76654412  -4.07123162   1.70818015] [-0.66720588 -0.31654412  0.48647059] [-7.65211397 -3.50965074 -3.31341912] [-65.45450368   1.10845588  -2.03446691] [-1.00610294 -0.64897059 -0.33977941]
26123 4 2 [ -7.75965074 -16.421875    18.61534926] [ 283.48345588   -3.44623162    1.70818015] [ 1.47279412 -1.40654412 -0.70352941] [ 8.41038603 -4.50965074 -1.18841912] [-57.45450368   1.29595588  -2.03446691] [-1.09610294  0.13102941 -0.20977941]
26158 6 1 [ 3.42784926 -2.734375   -3.82215074] [ 283.48345588   -3.25873162    1.52068015] [ 1.62279412 -0.03654412  0.57647059] [ 6.53538603 -3.88465074 -2.81341912] [-57.39200368   1.48345588  -2.09696691] [-0.93610294  0.46102941 -0.14977941]
26195 6 2 [  9.99034926 -11.484375    -2.69715074] [ 275.67095588   -2.94623162    1.20818015] [ 0.08279412  0.54345588  0.10647059] [-8.33961397 -2.00965074 -6.43841912] [-57.26700368   1.60845588  -1.72196691] [-0.90610294 -0.14897059 -0.08977941]
26233 5 1 [ 9.42784926 -6.046875    1.74034926] [ 283.67095588   -2.57123162    0.64568015] [-0.60720588 -0.46654412 -0.43352941] [-16.27711397  -1.94715074  -4.81341912] [-57.20450368   1.79595588  -1.09696691] [-1.11610294 -0.37897059 -0.24977941]
26270 5 1 [ 12.17784926   1.140625    -0.44715074] [  2.83733456e+02  -2.63373162e+00   2.08180147e-01] [-0.72720588 -0.92654412 -0.11352941] [-2.65211397  0.36534926 -1.68841912] [-57.20450368   1.79595588  -0.72196691] [-1.09610294 -0.24897059 -0.24977941]
26306 5 2 [ 24.49034926  -2.734375    -4.63465074] [ 275.92095588   -2.63373162   -0.29181985] [-1.59720588  0.05345588  0.47647059] [-4.58961397  0.99034926 -0.81341912] [-57.20450368   1.79595588  -0.53446691] [-0.92610294 -0.35897059 -0.22977941]
26346 0 1 [ 21.42784926 -13.234375    18.86534926] [ 275.73345588   -2.00873162   -1.10431985] [ 1.71279412 -1.09654412  0.73647059] [ 9.84788603  0.42784926  3.81158088] [-57.26700368   1.67095588  -0.59696691] [-0.75610294  0.34102941  0.04022059]
26384 0 4 [ 26.55284926 -13.671875    18.42784926] [ 283.10845588   -1.57123162   -2.10431985] [-0.00720588  0.29345588 -0.02352941] [-6.77711397  7.67784926  4.18658088] [-57.39200368   1.42095588  -0.47196691] [-1.29610294  0.20102941 -0.29977941]
26419 0 4 [ 12.80284926  -5.109375    21.30284926] [ 282.42095588   -1.25873162   -2.97931985] [-0.33720588  0.63345588  0.30647059] [-5.96461397  7.24034926  2.24908088] [-57.51700368   1.17095588  -0.15946691] [ 0.52389706  0.03102941  0.18022059]
26456 0 2 [  5.92784926  -6.609375    37.55284926] [ 273.48345588   -1.00873162   -3.60431985] [ 0.98279412 -0.49654412  0.94647059] [-22.21461397  24.49034926   5.06158088] [-57.64200368   0.48345588   0.52803309] [-0.82610294 -0.10897059  0.13022059]
26496 0 6 [ 11.30284926   3.890625    42.17784926] [ 272.04595588   -0.75873162   -4.54181985] [-0.63720588 -1.82654412  0.66647059] [-20.40211397  41.74034926  10.12408088] [-57.82950368  -1.01654412   1.46553309] [ 1.24389706 -0.89897059  0.58022059]
26533 0 9 [ 27.92784926  14.328125    27.74034926] [ 278.54595588   -1.19623162   -5.79181985] [-0.66720588 -1.16654412  3.49647059] [  8.09788603  87.67784926  21.49908088] [-57.82950368  -4.14154412   1.71553309] [ 1.29389706  0.07102941  1.10022059]
26569 0 4 [ 21.30284926  -7.234375    23.61534926] [ 277.73345588   -0.94623162   -6.79181985] [ 1.50279412  0.85345588  3.55647059] [ -23.33961397  161.49034926   43.93658088] [-58.07950368  -8.26654412   2.65303309] [ 1.69389706  0.28102941  1.70022059]
26607 0 0 [-10.57215074  -5.796875    43.36534926] [ 268.10845588   -0.57123162   -7.10431985] [ 1.00279412 -2.91654412  4.22647059] [ -36.46461397  235.80284926   79.56158088] [ 300.85799632  -16.64154412    5.59053309] [-0.38610294 -2.02897059  1.36022059]
26645 0 0 [  7.49034926 -24.421875    32.42784926] [ 267.10845588    0.36626838   -7.35431985] [-0.54720588 -4.32654412  1.72647059] [  -8.90211397  246.67784926   96.49908088] [ 299.23299632  -26.32904412    8.52803309] [-13.64610294  -4.67897059   5.44022059]
26682 0 0 [ 72.80284926  20.078125   -55.75965074] [ 267.73345588    0.36626838   -8.66681985] [-2.31720588 -7.31654412  1.62647059] [ 60.66038603   5.92784926  63.06158088] [ 298.35799632  -28.89154412    6.77803309] [-9.44610294  5.66102941 -2.70977941]
26718 0 0 [ 170.36534926   44.328125    -95.63465074] [ 279.85845588   -1.69623162  -13.29181985] [-1.01720588  7.77345588  6.57647059] [ 53.84788603 -48.94715074  88.93658088] [  2.96045496e+02  -3.02040441e+01  -1.59466912e-01] [-1.74610294  2.66102941 -2.92977941]
26756 0 0 [ 155.11534926   82.265625     64.61534926] [ 271.35845588   -3.19623162  -18.60431985] [-1.57720588  1.64345588  6.52647059] [  -3.96461397  102.05284926  113.81158088] [ 284.42049632  -34.82904412   -4.90946691] [-7.20610294 -3.18897059  3.93022059]
26794 0 0 [ 150.55284926   73.453125    127.80284926] [ 267.54595588   -5.00873162  -26.04181985] [-2.20720588 -0.77654412  6.70647059] [ -22.77711397  135.55284926  123.49908088] [ 279.79549632  -41.20404412  -10.47196691] [-6.97610294 -3.51897059  6.19022059]
26833 0 0 [ 152.17784926   63.890625     77.55284926] [ 264.17095588   -5.00873162  -33.66681985] [-0.83720588 -3.51654412  3.94647059] [  -2.08961397   77.42784926  124.43658088] [ 275.85799632  -44.64154412  -18.65946691] [-1.48610294 -6.85897059  3.96022059]
26867 0 0 [ 153.74034926   53.765625     23.92784926] [ 263.48345588   -6.07123162  -40.35431985] [ 1.85279412 -4.25654412  1.87647059] [ 23.28538603  94.61534926  32.74908088] [ 281.85799632  -48.01654412  -27.90946691] [ 1.65389706 -5.61897059  3.06022059]
26906 0 0 [ 123.74034926   42.203125    -59.38465074] [ 265.04595588   -7.69623162  -44.10431985] [ 1.62279412 -3.79654412 -1.63352941] [ 17.22288603  71.42784926 -33.18841912] [ 283.29549632  -51.01654412  -25.47196691] [ 5.75389706 -3.70897059  5.33022059]
26944 0 0 [ 60.24034926  34.578125   -54.88465074] [ 267.67095588  -10.82123162  -47.22931985] [ 1.48279412 -4.29654412 -1.12352941] [ 20.22288603 -13.19715074 -51.18841912] [ 277.42049632  -50.95404412  -18.84696691] [ 11.25389706  -1.08897059   3.20022059]
26983 0 0 [-11.00965074 -11.359375   -30.82215074] [ 277.35845588  -12.07123162  -47.47931985] [ 2.93279412 -5.58654412 -4.25352941] [ 14.41038603 -72.50965074 -41.56341912] [ 279.60799632  -48.82904412  -13.97196691] [ 11.03389706  -2.29897059   1.84022059]
27018 0 0 [-70.57215074 -37.234375   -47.00965074] [ 278.92095588  -12.50873162  -44.10431985] [ 3.54279412 -7.29654412 -4.60352941] [  11.78538603 -138.00965074  -85.87591912] [ 282.23299632  -43.95404412  -10.09696691] [ 11.92389706  -1.36897059  -0.41977941]
27057 0 0 [-133.07215074  -65.546875   -102.50965074] [ 273.29595588  -13.00873162  -38.85431985] [ 3.87279412 -1.98654412 -4.78352941] [  -5.15211397 -163.82215074 -115.43841912] [ 293.92049632  -36.70404412   -5.28446691] [ 6.46389706  1.29102941 -1.36977941]
27095 0 0 [-169.94715074  -84.609375    -72.63465074] [ 275.60845588  -12.32123162  -30.35431985] [ 2.31279412 -2.06654412 -5.21352941] [  -6.15211397 -199.07215074  -98.93841912] [ 288.04549632  -30.39154412   -3.72196691] [ 3.40389706  1.57102941 -2.43977941]
27132 0 0 [-165.44715074  -88.234375    -86.82215074] [-74.32904412 -10.69623162 -21.35431985] [ 2.36279412 -0.09654412 -4.02352941] [  -9.71461397 -196.57215074 -108.81341912] [ 298.48299632  -21.70404412   -2.47196691] [-0.95610294  2.08102941 -3.47977941]
27167 0 0 [-148.75965074  -80.421875    -90.19715074] [-71.82904412  -8.69623162 -13.10431985] [ 0.97279412  2.85345588 -3.76352941] [ -20.90211397 -169.13465074 -111.31341912] [-58.64200368 -13.76654412  -0.72196691] [-3.51610294  2.15102941 -4.05977941]
27206 0 0 [-120.63465074  -71.171875    -68.82215074] [-78.32904412  -7.00873162  -8.22931985] [-0.66720588  3.46345588 -3.30352941] [  -7.15211397 -127.82215074 -115.12591912] [-55.45450368  -7.14154412   0.77803309] [-5.95610294  3.36102941 -3.53977941]
27244 0 0 [-67.57215074 -38.484375   -58.07215074] [-76.32904412  -5.32123162  -3.66681985] [-2.79720588  4.87345588  0.40647059] [  0.66038603 -95.00965074 -77.18841912] [-61.70450368  -3.32904412   1.34053309] [-9.07610294  3.68102941 -3.92977941]
27282 0 0 [-43.07215074 -34.546875   -43.00965074] [-74.95404412  -4.07123162  -1.16681985] [-2.34720588  5.69345588 -1.13352941] [  6.78538603 -49.00965074 -17.12591912] [-60.39200368  -0.39154412   1.27803309] [-7.96610294  4.52102941 -3.28977941]
27318 0 0 [ 7.92784926 -9.171875    6.11534926] [-74.76654412  -3.57123162  -0.91681985] [-0.59720588  3.49345588 -1.43352941] [ 13.41038603 -21.88465074  12.68658088] [-53.20450368  -0.07904412   0.27803309] [-29.85610294 -27.44897059  14.77022059]
27358 0 0 [  45.05284926  320.953125     -6.57215074] [-75.51654412  -8.50873162  -2.54181985] [  4.36279412  -3.61654412  25.76647059] [ 10.53538603  34.11534926  15.49908088] [-53.51700368  -0.14154412  -0.84696691] [-6.36610294 -2.12897059 -2.81977941]
27396 0 0 [ 44.42784926  73.953125   -26.88465074] [-74.70404412  -3.75873162  -4.54181985] [-0.60720588  4.90345588 -2.16352941] [-10.33961397 -12.82215074   3.56158088] [-53.82950368  -0.07904412  -0.97196691] [-1.03610294  0.68102941  0.23022059]
27435 0 0 [ 21.86534926 -10.546875     9.11534926] [-75.01654412  -6.75873162  -5.54181985] [-1.02720588  1.34345588 -3.40352941] [-16.27711397  -7.25965074  -4.06341912] [-61.89200368   0.23345588  -0.78446691] [-0.98610294 -0.71897059 -0.36977941]
27470 0 0 [  5.86534926  36.390625     7.49034926] [-75.26654412  -7.63373162  -6.10431985] [-0.87720588  2.92345588 -0.12352941] [ -6.21461397 -11.32215074  -0.50091912] [-54.07950368   0.67095588  -0.40946691] [-1.13610294  0.56102941  0.11022059]
27508 1 0 [-13.69715074   7.328125     0.24034926] [-75.45404412  -8.13373162  -5.85431985] [-0.62720588  0.20345588 -0.43352941] [-15.15211397  -5.32215074  -5.93841912] [-54.07950368   0.98345588   0.15303309] [-1.37610294 -0.42897059 -0.33977941]
27546 2 0 [-21.25965074   3.203125     1.05284926] [-75.57904412  -8.32123162  -5.35431985] [-1.39720588 -0.83654412  0.19647059] [-0.02711397 -5.38465074 -6.56341912] [-61.89200368   1.17095588   0.21553309] [-1.13610294 -0.47897059 -0.33977941]
27585 2 0 [-19.50965074  -8.921875    -3.57215074] [-75.70404412  -8.00873162  -4.66681985] [-1.34720588  0.68345588 -0.25352941] [ 8.34788603 -7.69715074 -1.00091912] [-61.76700368   1.42095588  -0.09696691] [-1.16610294 -0.64897059 -0.25977941]
27619 4 1 [-22.63465074  -2.546875     9.80284926] [-68.20404412  -7.82123162  -4.10431985] [-1.07720588  0.30345588  0.50647059] [ 8.78538603 -0.44715074  2.99908088] [-53.76700368   1.48345588  -0.53446691] [-1.22610294 -0.22897059 -0.36977941]
27658 5 1 [-26.19715074  -8.921875    37.17784926] [-77.20404412  -7.44623162  -3.85431985] [ 1.75279412 -1.99654412  1.37647059] [ 15.91038603  -4.82215074   4.99908088] [-53.82950368   1.54595588  -1.34696691] [-1.20610294  0.30102941 -0.21977941]
27696 5 1 [-22.75965074 -10.921875    22.17784926] [-78.64154412  -6.94623162  -3.35431985] [ 1.50279412  0.22345588  0.11647059] [ 3.53538603 -2.57215074  2.49908088] [-53.89200368   1.54595588  -1.65946691] [-1.08610294  0.13102941 -0.11977941]
27734 4 3 [-22.44715074 -11.609375    19.05284926] [-79.57904412  -6.38373162  -2.54181985] [ 1.03279412 -0.77654412  0.12647059] [ 5.97288603 -2.63465074  1.49908088] [-54.01700368   1.54595588  -1.72196691] [-1.12610294 -0.11897059 -0.27977941]
27768 4 4 [-20.19715074 -18.171875     6.61534926] [-72.07904412  -5.75873162  -1.72931985] [-0.47720588  0.07345588 -0.05352941] [ 7.97288603 -1.88465074  1.24908088] [-54.01700368   1.60845588  -1.84696691] [-0.86610294 -0.33897059 -0.25977941]
27807 4 4 [-21.00965074 -17.984375    -0.07215074] [-72.20404412  -5.32123162  -1.16681985] [ 1.34279412 -0.89654412 -0.25352941] [ 2.34788603 -4.00965074  1.06158088] [-54.07950368   1.60845588  -1.97196691] [-1.07610294 -0.05897059 -0.22977941]
27845 3 3 [ -7.00965074 -12.734375    -7.25965074] [-80.01654412  -4.75873162  -0.47931985] [ 0.16279412 -0.03654412  0.04647059] [ 8.34788603 -4.82215074  0.74908088] [-62.14200368   1.67095588  -2.15946691] [-0.99610294  0.15102941 -0.23977941]
27883 2 6 [-4.25965074 -3.734375   -3.94715074] [ -7.19540441e+01  -4.44623162e+00  -4.18198529e-02] [ 0.00279412  0.62345588  0.74647059] [-3.83961397 -2.13465074  0.81158088] [-54.20450368   1.73345588  -2.15946691] [-1.02610294  0.29102941 -0.17977941]
27918 2 5 [ -4.82215074 -12.609375    12.17784926] [-72.32904412  -4.00873162   0.20818015] [ 1.77279412  0.66345588  0.52647059] [-10.08961397  -1.13465074  -0.75091912] [-54.20450368   1.73345588  -2.03446691] [-0.89610294  0.85102941 -0.08977941]
27958 1 5 [-12.63465074 -22.734375    16.11534926] [-72.89154412  -3.44623162   0.33318015] [-0.72720588 -1.03654412 -0.39352941] [-27.58961397   2.42784926  -5.68841912] [-54.26700368   1.79595588  -1.22196691] [-1.34610294 -1.16897059 -0.44977941]
27998 3 3 [-13.38465074  -7.984375    19.24034926] [-73.70404412  -2.75873162   0.45818015] [-1.43720588 -0.34654412 -0.22352941] [-1.08961397 -3.32215074 -1.06341912] [-62.20450368   1.85845588  -0.72196691] [-1.22610294 -0.04897059 -0.17977941]
28038 3 3 [ -4.25965074 -13.046875    15.36534926] [-82.20404412  -2.44623162   0.45818015] [ 1.18279412  0.00345588 -0.22352941] [-2.33961397 -4.63465074 -1.25091912] [-62.20450368   1.98345588  -0.78446691] [-1.07610294  0.06102941 -0.16977941]
28074 3 3 [ -4.50965074  -7.796875    22.99034926] [-75.01654412  -2.00873162   0.20818015] [ 1.07279412 -1.43654412  0.18647059] [-5.40211397 -3.75965074 -1.43841912] [-54.20450368   2.17095588  -0.72196691] [-0.95610294 -0.23897059 -0.25977941]
28110 4 3 [  9.49034926 -15.046875     4.30284926] [-75.45404412  -1.63373162  -0.22931985] [-0.58720588 -0.76654412 -0.14352941] [-2.90211397 -4.07215074 -0.25091912] [-54.26700368   2.29595588  -0.65946691] [-1.08610294 -0.23897059 -0.23977941]
28134 2 5 [ 13.99034926 -13.171875    -3.07215074] [-83.32904412  -1.25873162  -0.66681985] [-0.29720588 -0.15654412 -0.24352941] [-2.71461397 -3.75965074  0.37408088] [-62.26700368   2.29595588  -0.65946691] [-1.00610294 -0.18897059 -0.20977941]
28156 4 2 [ 12.61534926  -8.671875    -3.07215074] [-83.20404412  -1.13373162  -0.91681985] [-0.31720588  0.07345588  0.14647059] [-4.83961397  0.17784926  0.37408088] [-62.26700368   2.35845588  -0.65946691] [-1.13610294  0.12102941 -0.12977941]
28181 4 2 [ 11.99034926  -9.546875     6.42784926] [-83.20404412  -0.94623162  -1.22931985] [-1.18720588 -0.36654412  0.64647059] [-1.21461397  0.30284926  0.43658088] [-62.26700368   2.29595588  -0.59696691] [-1.06610294 -0.70897059 -0.57977941]
28203 2 2 [ 14.61534926 -11.734375    18.36534926] [-83.45404412  -0.69623162  -1.66681985] [-0.10720588 -1.69654412  0.69647059] [ 5.28538603 -1.00965074  4.62408088] [-62.32950368   2.29595588  -0.72196691] [-0.78610294 -0.50897059 -0.30977941]
28223 1 1 [ 25.30284926 -14.859375     4.61534926] [-83.70404412  -0.32123162  -2.47931985] [ 0.40279412 -0.81654412  0.48647059] [ 2.91038603  2.61534926  5.93658088] [-62.39200368   2.23345588  -0.90946691] [-0.80610294  0.09102941 -0.01977941]
28246 0 5 [ 27.42784926 -16.421875    -1.19715074] [ -8.35790441e+01  -8.73161765e-03  -3.04181985e+00] [ 0.22279412  1.37345588 -0.01352941] [-3.71461397  7.80284926  5.06158088] [-62.45450368   2.04595588  -0.90946691] [-1.02610294  0.61102941 -0.04977941]
28265 0 10 [ 19.61534926  -5.671875    26.05284926] [  2.76170956e+02   1.78768382e-01  -3.60431985e+00] [-0.37720588 -0.17654412 -0.44352941] [-5.96461397  8.74034926  4.43658088] [-62.51700368   1.85845588  -0.84696691] [-1.08610294 -0.66897059 -0.30977941]
28289 0 6 [ 10.80284926   7.578125    37.36534926] [  2.75545956e+02   1.16268382e-01  -4.16681985e+00] [-0.85720588 -0.92654412  0.10647059] [ 0.59788603  8.36534926  7.31158088] [-62.70450368   1.54595588  -0.97196691] [-0.62610294 -0.79897059  0.11022059]
28310 0 10 [ 14.24034926  16.203125    37.55284926] [  2.74795956e+02  -7.12316176e-02  -4.66681985e+00] [-0.56720588 -2.93654412  1.36647059] [  4.53538603  15.74034926  13.81158088] [-62.89200368   1.04595588  -1.15946691] [-0.08610294 -1.14897059  0.69022059]
28335 0 13 [ 21.11534926  25.515625    29.86534926] [ 273.98345588   -0.69623162   -5.66681985] [-1.13720588 -1.15654412  3.48647059] [ 12.28538603  61.49034926  33.43658088] [-63.20450368  -0.14154412  -1.47196691] [ 0.44389706 -0.77897059  1.94022059]
28357 0 14 [ 24.17784926  29.015625    35.61534926] [ 273.35845588   -1.25873162   -6.41681985] [ 0.60279412 -0.29654412  6.14647059] [   9.91038603  114.99034926   41.99908088] [-63.51700368  -2.20404412  -1.65946691] [ 1.08389706 -0.31897059  2.60022059]
28380 0 9 [ 22.92784926  11.265625    32.61534926] [ 272.73345588   -1.44623162   -7.16681985] [ 0.56279412 -0.41654412  6.23647059] [ -11.08961397  200.61534926   67.93658088] [-64.20450368  -7.51654412  -1.15946691] [ 0.83389706  0.19102941  2.46022059]
28405 0 3 [ 17.80284926   1.515625    37.74034926] [ 271.79595588   -1.32123162   -8.16681985] [ 0.95279412 -3.01654412  4.75647059] [  -2.15211397  244.67784926   85.37408088] [-64.89200368 -12.26654412  -0.72196691] [ 1.05389706 -0.98897059  1.41022059]
28427 0 0 [ 18.24034926 -16.734375    19.99034926] [ 271.48345588   -0.94623162   -8.66681985] [ 0.07279412 -4.35654412  1.97647059] [  16.78538603  270.17784926  100.43658088] [-65.70450368 -17.70404412  -0.47196691] [ 0.27389706 -2.28897059  0.92022059]
28450 0 0 [ 23.30284926  -6.546875     8.05284926] [ 271.35845588   -0.75873162   -9.22931985] [-0.69720588 -4.68654412  1.83647059] [  35.91038603  281.24034926   99.99908088] [-66.64200368 -26.39154412  -0.59696691] [-12.71610294  -1.91897059   4.95022059]
28473 0 0 [ 42.67784926  -0.546875   -14.88465074] [ 272.10845588   -0.94623162  -10.54181985] [-2.04720588 -1.73654412  1.65647059] [ 16.09788603  91.74034926  17.56158088] [ -6.67045037e+01  -2.94540441e+01   2.80330882e-02] [-12.20610294  -1.19897059  -0.31977941]
28496 0 0 [ 128.17784926   33.015625    -74.19715074] [ 273.79595588   -1.94623162  -12.41681985] [-3.29720588  5.37345588  2.60647059] [ 40.78538603  15.42784926  81.49908088] [ 292.54549632  -30.20404412   -2.47196691] [-13.26610294   7.19102941   3.53022059]
28516 0 0 [ 156.42784926   18.078125    -23.63465074] [ 274.98345588   -2.50873162  -15.22931985] [-1.50720588  8.63345588  4.54647059] [  -7.58961397  -18.69715074  100.43658088] [ 290.73299632  -30.45404412   -5.40946691] [-4.43610294  2.16102941 -2.41977941]
28540 0 0 [ 143.55284926   54.578125     61.92784926] [ 274.60845588   -3.07123162  -18.47931985] [-2.59720588  3.48345588  3.48647059] [ -39.08961397   71.42784926  107.06158088] [ 287.29549632  -33.45404412   -8.03446691] [-7.83610294 -3.81897059  0.98022059]
28562 0 3 [ 130.55284926   85.265625    122.24034926] [ 271.48345588   -4.13373162  -23.91681985] [-3.02720588 -0.91654412  4.89647059] [ -23.83961397  133.67784926  121.87408088] [ 284.92049632  -36.51654412  -10.22196691] [-7.04610294 -4.29897059  2.86022059]
28583 0 0 [ 122.24034926  115.328125    121.74034926] [ 269.23345588   -4.88373162  -27.60431985] [-2.25720588 -2.61654412  7.78647059] [ -24.90211397  139.74034926  118.74908088] [ 282.54549632  -39.70404412  -13.15946691] [-7.16610294 -4.72897059  4.88022059]
28604 0 0 [ 146.80284926   61.015625     95.24034926] [ 267.85845588   -5.13373162  -31.41681985] [-1.47720588 -2.96654412  2.97647059] [ -26.83961397  113.11534926  108.43658088] [ 280.17049632  -42.45404412  -16.72196691] [-5.92610294 -5.85897059  5.74022059]
28627 1 0 [ 151.11534926   67.015625     47.74034926] [ 266.98345588   -5.63373162  -35.04181985] [-0.72720588 -2.75654412  3.06647059] [ -7.33961397  86.74034926  95.62408088] [ 278.17049632  -44.45404412  -21.28446691] [-0.33610294 -5.88897059  4.32022059]
28651 0 0 [ 141.42784926   71.015625     22.67784926] [ 266.60845588   -6.38373162  -38.47931985] [-0.64720588 -3.59654412  2.48647059] [  0.28538603  96.74034926  60.56158088] [ 276.48299632  -47.20404412  -26.53446691] [ 0.31389706 -6.03897059  4.21022059]
28671 0 0 [ 119.67784926   64.265625      8.92784926] [ 266.54595588   -7.19623162  -41.41681985] [ 1.00279412 -3.13654412  1.24647059] [  8.59788603  79.80284926  25.93658088] [ 276.23299632  -48.76654412  -28.28446691] [ 3.54389706 -3.89897059  3.21022059]
28691 0 0 [ 104.80284926   27.328125     -3.75965074] [ 266.85845588   -7.75873162  -43.72931985] [ 1.27279412 -3.77654412 -3.00352941] [ -5.77711397  59.74034926  -3.87591912] [ 276.23299632  -50.01654412  -28.59696691] [ 3.88389706 -4.00897059  4.58022059]
28711 0 0 [ 75.55284926  35.265625   -25.25965074] [ 267.48345588   -8.44623162  -45.47931985] [ 0.68279412 -4.16654412 -2.02352941] [ -5.02711397  39.99034926 -14.50091912] [ 276.54549632  -50.57904412  -26.97196691] [ 5.31389706 -3.03897059  4.54022059]
28732 0 0 [ 41.11534926  52.515625   -36.57215074] [ 268.17095588  -10.13373162  -47.04181985] [ 1.33279412 -3.87654412  0.27647059] [ -1.83961397 -21.50965074 -42.68841912] [ 277.23299632  -50.39154412  -23.65946691] [ 6.98389706 -2.56897059  2.84022059]
28754 0 0 [ 19.80284926  29.265625   -28.94715074] [ 268.79595588  -10.82123162  -47.29181985] [ 1.35279412 -4.30654412 -0.17352941] [  0.84788603 -44.00965074 -46.18841912] [ 278.17049632  -49.51654412  -20.40946691] [ 6.39389706 -2.01897059  2.60022059]
28774 0 0 [-13.44715074 -15.171875   -35.88465074] [ 269.54595588  -11.19623162  -46.91681985] [ 1.98279412 -5.15654412 -3.28352941] [  5.41038603 -80.32215074 -54.12591912] [ 279.23299632  -48.01654412  -17.22196691] [ 10.21389706  -1.05897059  -0.07977941]
28794 0 0 [-46.88465074 -15.734375   -44.94715074] [ 270.29595588  -11.57123162  -45.79181985] [ 2.15279412 -4.97654412 -3.71352941] [ -3.52711397 -78.32215074 -70.68841912] [ 280.48299632  -46.26654412  -13.97196691] [ 9.24389706 -2.01897059  0.05022059]
28815 0 0 [-78.44715074 -34.296875   -59.19715074] [ 271.17095588  -12.00873162  -43.85431985] [ 2.55279412 -5.19654412 -4.76352941] [  -4.90211397 -102.32215074  -90.93841912] [ 281.98299632  -44.07904412  -10.34696691] [ 9.84389706 -0.23897059 -1.11977941]
28836 0 0 [-108.50965074  -46.484375    -68.94715074] [ 272.23345588  -12.25873162  -41.10431985] [ 2.80279412 -4.46654412 -6.20352941] [ -15.02711397 -123.19715074  -92.00091912] [ 283.48299632  -41.32904412   -7.40946691] [ 8.70389706  0.22102941 -1.11977941]
28859 0 0 [-135.25965074  -52.609375    -71.88465074] [ 273.23345588  -12.38373162  -37.66681985] [ 2.95279412 -3.36654412 -5.54352941] [ -18.21461397 -151.00965074  -95.87591912] [ 284.79549632  -38.07904412   -5.34696691] [ 7.44389706  1.01102941 -1.52977941]
28882 0 0 [-152.25965074  -62.734375    -64.13465074] [ 274.10845588  -12.19623162  -33.91681985] [ 2.97279412 -2.18654412 -4.91352941] [ -20.33961397 -167.63465074  -96.68841912] [ 286.67049632  -32.51654412   -3.40946691] [ 4.35389706  1.81102941 -1.85977941]
28903 0 0 [-163.75965074  -76.359375    -69.25965074] [ 275.42095588  -11.44623162  -27.66681985] [ 2.79279412 -1.40654412 -5.70352941] [ -19.83961397 -183.69715074  -92.31341912] [ 287.79549632  -28.57904412   -2.65946691] [ 2.63389706  2.20102941 -2.21977941]
28923 0 0 [-170.32215074  -74.609375    -68.32215074] [-83.76654412 -10.75873162 -23.47931985] [ 2.08279412  0.51345588 -4.56352941] [ -22.08961397 -188.07215074  -85.75091912] [ 288.73299632  -24.57904412   -2.22196691] [ 0.21389706  1.15102941 -2.25977941]
28943 0 0 [-169.50965074  -76.359375    -63.00965074] [-83.14154412  -9.82123162 -19.47931985] [ 1.44279412  0.67345588 -3.74352941] [ -20.08961397 -184.94715074  -89.50091912] [ 289.67049632  -20.57904412   -1.78446691] [-1.05610294  2.16102941 -2.46977941]
28963 0 0 [-162.07215074  -76.296875    -57.82215074] [-82.51654412  -8.82123162 -15.66681985] [ 0.58279412  1.42345588 -2.90352941] [ -22.02711397 -174.75965074  -90.50091912] [ 290.60799632  -16.76654412   -1.22196691] [-4.07610294  1.94102941 -2.12977941]
28983 0 0 [-143.19715074  -63.796875    -55.57215074] [-81.95404412  -7.82123162 -12.29181985] [ 0.41279412  2.08345588 -1.02352941] [ -15.58961397 -164.00965074  -83.75091912] [ 291.54549632  -13.07904412   -0.84696691] [-5.25610294  1.10102941 -2.62977941]
29003 0 0 [-121.00965074  -67.484375    -56.50965074] [-81.26654412  -6.75873162  -9.29181985] [ 0.37279412  1.65345588 -2.33352941] [  -6.27711397 -140.38465074  -91.81341912] [ 292.60799632   -9.76654412   -0.53446691] [-5.22610294  2.16102941 -4.55977941]
29024 0 0 [-100.50965074  -54.734375    -72.69715074] [-80.26654412  -5.88373162  -6.66681985] [-0.50720588  3.02345588 -3.45352941] [ -11.96461397 -102.88465074  -98.56341912] [-65.95450368  -7.01654412   0.15303309] [-5.60610294  3.02102941 -3.98977941]
29044 0 0 [-81.94715074 -28.484375   -74.13465074] [-79.14154412  -5.32123162  -4.41681985] [-2.20720588  4.21345588 -1.47352941] [ -9.15211397 -81.50965074 -88.56341912] [-64.64200368  -4.76654412   0.84053309] [-8.08610294  3.08102941 -2.56977941]
29064 0 0 [-56.00965074 -13.921875   -62.44715074] [-78.07904412  -5.13373162  -2.72931985] [-2.92720588  5.09345588  1.84647059] [ -1.83961397 -65.69715074 -74.25091912] [-63.39200368  -2.82904412   1.34053309] [-9.75610294  3.97102941 -2.50977941]
29087 0 0 [-34.57215074 -31.671875   -36.63465074] [-77.32904412  -4.63373162  -1.66681985] [ -2.69720588e+00   5.46345588e+00  -3.52941176e-03] [  3.66038603 -48.63465074 -39.87591912] [-62.64200368  -1.45404412   1.40303309] [-9.25610294  3.23102941 -2.56977941]
29108 0 0 [-10.38465074 -20.921875   -10.32215074] [-77.07904412  -4.19623162  -1.29181985] [-1.43720588  4.36345588 -0.40352941] [ 12.28538603 -28.44715074 -16.93841912] [-62.32950368  -0.70404412   1.21553309] [-5.46610294  3.11102941 -3.71977941]
29130 0 0 [ 11.99034926 -19.109375    -5.75965074] [-76.89154412  -3.82123162  -1.41681985] [-4.36720588  3.54345588 -3.70352941] [ 22.78538603   7.99034926   9.87408088] [-62.26700368  -0.64154412   0.84053309] [-27.23610294  -5.66897059   3.59022059]
29153 0 1 [ 36.86534926  35.453125    -5.63465074] [-76.64154412  -4.00873162  -1.97931985] [-13.38720588   2.31345588   5.72647059] [  47.47288603 -114.13465074    2.68658088] [-62.64200368   0.73345588  -1.22196691] [ 11.44389706   5.93102941   4.41022059]
29173 0 3 [  33.42784926  237.265625     -6.94715074] [-76.64154412  -6.88373162  -3.47931985] [ 0.36279412 -0.86654412  7.02647059] [ 26.28538603  12.74034926  10.99908088] [-62.82950368   0.17095588  -1.65946691] [-4.19610294 -1.68897059 -1.49977941]
29193 9 3 [ 44.80284926 -82.671875   -17.88465074] [-76.14154412  -4.25873162  -4.35431985] [ -0.31720588   2.91345588 -15.12352941] [  7.28538603  27.17784926  18.74908088] [-62.95450368  -0.26654412  -1.84696691] [-2.62610294  0.90102941 -1.34977941]
29214 0 1 [ 45.99034926  25.390625   -17.82215074] [-75.76654412  -5.44623162  -5.10431985] [-0.09720588  2.44345588 -0.50352941] [-5.40211397 -5.07215074  1.24908088] [-63.01700368  -0.07904412  -1.84696691] [-0.60610294  0.25102941  0.41022059]
29234 0 2 [ 17.24034926  59.203125     2.49034926] [-75.82904412  -6.82123162  -5.54181985] [-0.86720588  0.86345588  5.45647059] [  2.53538603 -15.63465074  -0.75091912] [-63.07950368   0.29595588  -2.09696691] [-0.46610294 -0.16897059  0.29022059]
29254 0 3 [ 27.05284926   3.390625     0.11534926] [-75.76654412  -7.19623162  -6.10431985] [-0.54720588 -0.16654412  0.65647059] [-7.90211397 -7.63465074 -2.37591912] [-63.07950368   0.35845588  -1.97196691] [-1.42610294 -0.57897059 -0.58977941]
29275 0 3 [ 18.11534926  17.953125    -5.44715074] [-75.57904412  -7.32123162  -6.54181985] [-0.39720588  1.99345588 -1.66352941] [  2.47288603 -10.63465074   0.68658088] [-63.07950368   0.54595588  -2.09696691] [-1.29610294  0.85102941 -0.44977941]
29301 0 5 [  5.24034926  28.390625     6.86534926] [-75.64154412  -7.94623162  -6.85431985] [-0.36720588  1.89345588  0.59647059] [  2.34788603 -20.82215074   0.12408088] [-63.14200368   0.85845588  -2.28446691] [-1.20610294 -0.16897059 -0.17977941]
29322 1 0 [ -3.69715074  21.640625    17.74034926] [-76.07904412  -8.32123162  -7.04181985] [-1.25720588  0.20345588 -0.81352941] [ -2.33961397 -12.44715074  -1.81341912] [-63.14200368   1.10845588  -2.34696691] [-1.37610294 -0.17897059 -0.37977941]
29360 3 2 [-13.32215074  15.078125    -2.63465074] [-68.14154412  -8.69623162  -6.79181985] [-0.85720588  1.14345588  1.40647059] [ -3.71461397 -12.63465074  -5.62591912] [-63.07950368   1.60845588  -2.34696691] [-1.28610294 -0.33897059 -0.30977941]
29398 1 3 [-25.19715074  -0.171875    -1.75965074] [-68.07904412  -8.82123162  -5.85431985] [-1.45720588  2.08345588  0.63647059] [ 7.28538603 -8.44715074 -1.50091912] [-55.01700368   2.04595588  -2.40946691] [-1.14610294 -0.14897059 -0.21977941]
29437 0 4 [-37.88465074 -13.609375    25.67784926] [-69.14154412  -8.38373162  -4.91681985] [-1.34720588  0.24345588 -0.32352941] [ 11.47288603  -1.94715074   2.31158088] [-55.07950368   2.10845588  -2.34696691] [-1.21610294 -0.59897059 -0.36977941]
29473 4 3 [-42.32215074 -19.921875    19.49034926] [-70.07904412  -7.88373162  -4.10431985] [ 1.88279412 -0.16654412 -0.21352941] [ 13.59788603  -1.38465074   3.18658088] [-55.14200368   2.04595588  -2.59696691] [-1.08610294  0.17102941 -0.17977941]
29510 4 6 [-37.38465074 -15.046875    -1.19715074] [-70.57904412  -7.07123162  -2.79181985] [ 2.13279412  0.74345588 -0.07352941] [-4.27711397 -0.75965074  0.62408088] [-63.14200368   2.04595588  -2.72196691] [-0.95610294  0.05102941 -0.22977941]
29550 1 5 [-44.19715074 -18.921875     9.55284926] [-71.14154412  -6.38373162  -1.35431985] [-0.42720588  0.39345588 -0.33352941] [-5.65211397 -0.07215074 -1.81341912] [-63.20450368   2.04595588  -2.40946691] [-1.23610294  0.10102941 -0.27977941]
29586 0 6 [-46.69715074 -12.359375    20.30284926] [-79.95404412  -5.94623162  -0.29181985] [ 1.13279412 -1.42654412  0.25647059] [-8.27711397  2.17784926 -2.93841912] [-55.20450368   2.04595588  -1.78446691] [-1.00610294 -0.56897059 -0.43977941]
29620 1 3 [-20.63465074 -26.046875    -2.75965074] [-72.57904412  -5.25873162   0.83318015] [ 1.28279412 -0.88654412 -0.38352941] [-4.40211397 -0.75965074 -4.12591912] [-63.20450368   2.10845588  -1.47196691] [-1.06610294  0.49102941 -0.20977941]
29658 1 4 [-16.88465074 -16.734375   -19.63465074] [-72.07904412  -4.44623162   1.70818015] [ 1.46279412  0.18345588  0.37647059] [-23.15211397   5.67784926  -6.87591912] [-55.07950368   2.04595588  -0.59696691] [-1.21610294  0.15102941 -0.23977941]
29696 1 4 [-21.32215074 -20.171875     2.55284926] [-72.07904412  -3.94623162   2.20818015] [-0.80720588 -0.87654412 -1.50352941] [-16.46461397   1.86534926  -5.50091912] [-54.95450368   2.04595588   0.15303309] [-1.07610294 -0.48897059 -0.31977941]
29733 3 6 [ -8.50965074  -1.921875    13.17784926] [-80.57904412  -3.94623162   2.70818015] [-0.75720588 -0.87654412  0.97647059] [-6.33961397  1.05284926 -1.31341912] [-54.89200368   2.04595588   0.40303309] [-1.16610294 -0.21897059 -0.23977941]
29769 6 2 [  5.36534926  -9.734375    12.05284926] [-73.14154412  -3.38373162   2.64568015] [ 1.33279412 -0.19654412 -0.46352941] [-8.46461397  1.36534926 -1.56341912] [-54.89200368   2.04595588   0.59053309] [-1.04610294  0.04102941 -0.13977941]
29807 3 3 [ -7.82215074  -8.546875    21.92784926] [-73.95404412  -3.19623162   2.52068015] [-0.43720588  0.27345588  0.29647059] [-11.90211397   2.49034926  -1.06341912] [-54.89200368   1.92095588   0.96553309] [-1.17610294 -0.24897059 -0.31977941]
29846 1 3 [ -3.88465074 -11.859375    30.11534926] [-83.01654412  -2.88373162   2.27068015] [ 1.51279412 -2.02654412 -0.37352941] [ -7.77711397e+00   6.15349265e-01  -9.19117647e-04] [-54.95450368   1.92095588   1.21553309] [-0.98610294 -0.11897059 -0.20977941]
29882 2 2 [ 8.30284926 -4.109375    4.42784926] [-83.26654412  -2.88373162   1.77068015] [-0.48720588  0.89345588  0.50647059] [-8.52711397  2.61534926  0.06158088] [-55.01700368   1.79595588   1.46553309] [-1.16610294  0.04102941 -0.22977941]
29919 1 2 [ 10.92784926   2.140625    20.24034926] [ 284.10845588   -2.69623162    1.27068015] [-0.46720588 -0.36654412 -0.12352941] [-12.71461397   2.99034926  -2.37591912] [-55.01700368   1.60845588   1.90303309] [-1.04610294 -0.18897059 -0.19977941]
29957 0 3 [  5.74034926   1.203125    16.24034926] [ 275.67095588   -2.82123162    0.83318015] [-0.41720588 -0.62654412 -0.23352941] [-12.58961397   4.49034926  -0.43841912] [-55.07950368   1.48345588   2.34053309] [-1.09610294 -0.28897059 -0.25977941]
29996 0 1 [ 10.17784926   2.640625     5.80284926] [ 275.35845588   -2.82123162    0.33318015] [-0.70720588 -0.51654412  0.02647059] [-12.40211397   4.86534926   0.43658088] [-63.07950368   1.29595588   2.71553309] [-1.17610294 -0.20897059 -0.28977941]
30035 0 3 [ 13.86534926  -2.984375     3.36534926] [ 275.35845588   -2.82123162   -0.35431985] [-1.07720588 -0.81654412  0.66647059] [-7.71461397  1.92784926  0.24908088] [-55.14200368   1.04595588   3.15303309] [-1.06610294 -0.26897059 -0.20977941]
30073 0 1 [ 23.80284926 -15.171875    12.05284926] [ 283.23345588   -2.38373162   -1.10431985] [ 1.05279412  1.31345588 -0.70352941] [-5.02711397 -1.75965074  0.93658088] [-55.20450368   0.98345588   3.27803309] [-1.29610294  0.36102941 -0.11977941]
30110 0 1 [ 21.24034926  -7.484375    26.30284926] [ 282.42095588   -1.94623162   -2.16681985] [ 0.95279412 -0.42654412  0.64647059] [-1.83961397 -0.32215074  3.31158088] [-55.32950368   0.98345588   3.27803309] [-0.87610294 -0.22897059 -0.19977941]
30148 0 3 [ 13.86534926 -16.859375    13.49034926] [ 281.92095588   -1.50873162   -3.04181985] [ 1.59279412 -0.68654412  0.14647059] [-0.02711397  5.74034926  6.49908088] [-55.51700368   0.67095588   3.15303309] [ 0.51389706 -0.33897059 -0.04977941]
30185 0 3 [ 24.99034926   6.015625    26.11534926] [ 273.54595588   -1.50873162   -3.72931985] [-0.50720588 -1.07654412  1.31647059] [ -3.08961397  23.86534926  15.74908088] [ -5.57670037e+01   4.59558824e-02   3.21553309e+00] [ 0.96389706 -0.60897059  0.39022059]
30221 0 9 [ 25.99034926  21.578125    41.05284926] [ 280.10845588   -2.00873162   -5.04181985] [ 1.63279412 -0.74654412  2.85647059] [ -2.90211397  72.80284926  25.49908088] [-56.26700368  -2.20404412   3.52803309] [ 1.58389706 -0.27897059  1.23022059]
30259 0 5 [ 28.49034926  20.890625    36.92784926] [ 278.73345588   -2.63373162   -6.47931985] [-0.90720588  1.00345588  4.38647059] [  -6.15211397  128.11534926   30.31158088] [-56.32950368  -6.70404412   4.59053309] [ 1.44389706 -0.22897059  1.29022059]
30297 0 0 [ -0.82215074 -18.734375    37.11534926] [ 277.42095588   -2.00873162   -7.16681985] [-0.98720588 -0.55654412  2.78647059] [ -20.21461397  202.11534926   74.12408088] [-64.89200368 -12.20404412   6.09053309] [ 0.63389706 -1.42897059  0.74022059]
30336 0 0 [-13.57215074 -26.546875    57.55284926] [ 267.79595588   -1.13373162   -7.35431985] [-0.76720588 -3.90654412  1.14647059] [  -8.65211397  241.05284926  104.81158088] [ 301.17049632  -21.70404412    8.84053309] [-2.80610294 -1.14897059  2.06022059]
30371 0 0 [ 43.67784926   3.453125    13.80284926] [ 266.42095588   -0.57123162   -8.29181985] [-0.35720588 -4.34654412  0.96647059] [  8.66038603  24.24034926  61.74908088] [ 299.48299632  -28.01654412   11.15303309] [-9.57610294 -4.85897059  0.25022059]
30409 0 0 [ 115.30284926   36.890625    -67.94715074] [ 276.79595588   -2.00873162  -11.79181985] [-1.36720588  5.82345588  2.32647059] [   6.47288603  -20.50965074  149.56158088] [ 294.67049632  -29.82904412    3.65303309] [-9.03610294 -4.95897059  0.07022059]
30448 0 0 [ 132.49034926   32.515625     49.42784926] [ 276.54595588   -3.13373162  -17.79181985] [-1.05720588  0.74345588  3.00647059] [  -0.27711397   36.86534926  115.31158088] [ 283.10799632  -31.20404412   -2.03446691] [-5.16610294 -3.11897059  1.23022059]
30485 0 0 [ 113.67784926   80.578125     98.86534926] [ 265.92095588   -4.32123162  -22.41681985] [-1.46720588 -1.39654412  4.59647059] [  -3.46461397  125.30284926   97.12408088] [ 279.98299632  -36.20404412   -5.59696691] [-6.59610294 -0.40897059  3.49022059]
30521 0 0 [ 150.55284926   54.078125     71.74034926] [ 263.29595588   -4.50873162  -29.35431985] [-1.09720588 -0.97654412  2.87647059] [ -20.08961397   86.55284926  134.37408088] [ 283.04549632  -41.26654412  -12.78446691] [-3.60610294 -3.83897059  4.03022059]
30558 0 0 [ 128.11534926   67.828125     65.92784926] [ 261.10845588   -5.25873162  -35.91681985] [ 1.63279412 -1.76654412  3.24647059] [   0.97288603   84.55284926  116.24908088] [ 271.29549632  -44.07904412  -21.90946691] [ 1.58389706 -5.43897059  2.21022059]
30597 0 0 [ 118.42784926   57.078125     27.67784926] [ 260.04595588   -5.75873162  -40.35431985] [ 1.61279412 -4.10654412  1.33647059] [   5.84788603  102.36534926   25.06158088] [ 269.29549632  -48.20404412  -29.40946691] [ 1.33389706 -4.86897059  4.16022059]
30633 0 0 [ 105.55284926   51.390625    -27.07215074] [ 260.54595588   -7.50873162  -45.16681985] [ 0.96279412 -3.36654412  0.18647059] [ -9.77711397  44.92784926 -13.18841912] [ 277.29549632  -50.89154412  -29.78446691] [ 3.87389706 -3.53897059  5.01022059]
30671 0 0 [ 54.92784926  31.265625   -13.32215074] [ 261.60845588   -9.44623162  -48.10431985] [ 1.72279412 -3.30654412 -0.55352941] [-5.65211397 -4.44715074 -9.93841912] [ 277.67049632  -50.89154412  -27.09696691] [ 6.03389706 -3.81897059  3.89022059]
30709 0 0 [-21.94715074 -14.359375     1.17784926] [ 261.73345588   -9.50873162  -48.35431985] [ 3.57279412 -6.61654412 -3.88352941] [ -4.58961397 -78.57215074 -39.68841912] [ 270.54549632  -48.95404412  -22.97196691] [ 11.04389706  -2.77897059  -0.29977941]
30750 0 0 [-74.50965074 -28.421875   -48.75965074] [ 263.04595588   -9.88373162  -45.04181985] [ 2.85279412 -6.72654412 -6.18352941] [ -11.21461397 -114.38465074  -87.81341912] [ 281.73299632  -43.20404412  -13.59696691] [ 10.94389706  -1.15897059  -1.41977941]
30786 0 0 [-129.07215074  -54.921875   -100.13465074] [ 266.04595588  -10.82123162  -38.29181985] [ 1.63279412 -3.89654412 -5.37352941] [  -3.33961397 -159.44715074 -124.75091912] [ 284.79549632  -38.07904412   -8.22196691] [ 8.42389706  0.02102941 -1.67977941]
30821 0 0 [-152.38465074  -76.734375    -91.82215074] [ 276.35845588  -10.94623162  -32.04181985] [ 1.91279412 -0.95654412 -3.55352941] [  -7.90211397 -181.50965074 -118.62591912] [ 280.54549632  -30.07904412   -4.34696691] [ 0.66389706  0.21102941 -1.63977941]
30859 0 0 [-168.63465074  -73.234375    -77.19715074] [ 278.48345588   -9.82123162  -23.60431985] [ 1.34279412 -0.12654412 -3.18352941] [ -16.27711397 -189.75965074  -99.18841912] [ 282.48299632  -23.82904412   -3.28446691] [-1.31610294 -0.75897059 -3.17977941]
30897 0 0 [-151.19715074  -66.546875    -91.75965074] [ 272.10845588   -8.82123162  -17.66681985] [-1.12720588  1.76345588 -3.01352941] [ -20.33961397 -140.19715074 -141.62591912] [ 285.98299632  -16.32904412   -0.72196691] [-5.49610294  2.42102941 -2.21977941]
30934 0 0 [-123.88465074  -35.171875    -82.32215074] [ 275.04595588   -8.25873162  -10.60431985] [ 1.23279412  4.14345588 -0.63352941] [  -8.71461397 -116.25965074  -87.75091912] [ 296.67049632   -9.95404412    1.09053309] [-4.58610294  2.00102941 -3.61977941]
30971 0 0 [-73.38465074 -33.296875   -52.38465074] [-75.64154412  -7.00873162  -5.97931985] [-0.41720588  1.64345588 -2.40352941] [-10.83961397 -68.00965074 -94.68841912] [ 299.42049632   -5.70404412    2.65303309] [-4.44610294  3.80102941 -1.91977941]
31010 0 0 [-38.25965074 -23.546875   -72.32215074] [-73.26654412  -6.32123162  -2.72931985] [-0.47720588  3.80345588 -1.32352941] [  0.22288603 -63.57215074 -70.50091912] [ 301.04549632   -3.01654412    3.21553309] [-4.51610294  4.44102941 -3.75977941]
31050 0 0 [-16.75965074 -19.546875   -58.38465074] [-71.07904412  -5.57123162  -1.10431985] [-0.43720588  4.57345588 -1.98352941] [ 11.09788603 -32.88465074 -46.43841912] [-64.95450368  -0.32904412   3.46553309] [-3.00610294  4.02102941 -3.16977941]
31089 0 0 [  0.36534926 -24.046875   -19.69715074] [ 25.85845588  -5.00873162  -0.79181985] [-18.19720588   6.17345588  -1.19352941] [ 72.22288603 -48.63465074  20.74908088] [-56.39200368   0.92095588   2.21553309] [-35.71610294 -31.67897059  28.71022059]
31124 0 0 [ 120.67784926 -146.671875     13.36534926] [ 25.35845588  -9.82123162  -3.16681985] [  4.50279412 -10.41654412 -28.61352941] [ 25.91038603  21.42784926  31.43658088] [-56.89200368  -0.14154412   1.09053309] [ 5.84389706 -0.81897059 -2.54977941]
31162 0 0 [  44.55284926  227.015625    -16.82215074] [ 26.29595588  -6.32123162  -4.66681985] [ 1.98279412  3.55345588  7.65647059] [ 19.16038603  -5.38465074  13.43658088] [-65.26700368  -0.45404412   0.27803309] [-1.01610294  1.13102941  0.30022059]
31201 0 0 [ 37.42784926 -12.734375     6.74034926] [ 26.23345588  -8.07123162  -6.22931985] [-1.24720588 -0.55654412 -3.00352941] [ 17.03538603  -5.63465074   2.56158088] [-65.32950368  -0.45404412  -0.47196691] [-0.90610294 -0.55897059  0.10022059]
31238 0 0 [ 26.11534926  26.015625     2.92784926] [ 26.17095588  -9.44623162  -7.60431985] [-0.53720588  2.31345588  1.85647059] [ 23.66038603   0.24034926   5.06158088] [-57.32950368  -0.39154412  -1.53446691] [ -1.03610294e+00   1.02941176e-03  -9.77941176e-03]
31273 0 7 [  9.30284926   2.390625    35.61534926] [ 25.29595588  -9.69623162  -8.60431985] [ 0.29279412  0.84345588 -2.40352941] [  3.84788603 -17.94715074   0.99908088] [ -5.74545037e+01  -1.65441176e-02  -2.03446691e+00] [-1.21610294  0.09102941 -0.12977941]
31310 0 8 [ -9.38465074  24.890625    -4.32215074] [ 24.73345588 -10.57123162  -8.91681985] [ 1.49279412  3.37345588  1.87647059] [ -9.96461397 -12.69715074  -5.68841912] [-65.45450368   0.48345588  -1.78446691] [-0.94610294  0.61102941  0.22022059]
31350 0 6 [-25.32215074   2.015625     5.42784926] [ 24.35845588 -10.69623162  -8.29181985] [-2.02720588  1.38345588  0.02647059] [-20.90211397  -0.69715074  -7.62591912] [-57.45450368   0.73345588  -0.72196691] [-1.15610294 -0.39897059 -0.20977941]
31388 1 4 [-42.88465074  -3.234375    15.99034926] [ 23.35845588 -10.69623162  -7.04181985] [-3.42720588 -0.76654412 -0.37352941] [-6.08961397 -2.82215074 -2.00091912] [-57.45450368   0.85845588  -0.09696691] [-1.42610294 -1.30897059 -0.59977941]
31425 1 7 [-41.88465074 -10.109375    17.24034926] [ 14.54595588 -10.32123162  -6.10431985] [-0.68720588 -0.20654412  0.38647059] [ 15.66038603  -4.25965074   2.99908088] [-57.39200368   0.98345588  -0.65946691] [-1.32610294 -0.16897059 -0.36977941]
31462 3 4 [-24.00965074 -38.234375   -16.00965074] [ 22.54595588  -9.13373162  -4.72931985] [ 1.55279412 -0.07654412 -0.46352941] [  1.32228860e+01  -4.44715074e+00  -9.19117647e-04] [-65.32950368   1.04595588  -1.22196691] [-0.82610294  1.20102941  0.11022059]
31500 2 3 [-39.50965074 -18.171875    -1.07215074] [ 22.79595588  -8.32123162  -3.16681985] [ 0.48279412  2.31345588  1.09647059] [-7.08961397  2.05284926 -2.68841912] [-65.26700368   1.10845588  -1.09696691] [-1.09610294  0.50102941 -0.13977941]
31538 3 3 [-59.19715074 -32.421875    32.17784926] [ 21.42095588  -7.25873162  -1.54181985] [-0.74720588 -0.11654412 -1.21352941] [-21.77711397   0.74034926  -4.56341912] [-57.26700368   1.10845588  -0.28446691] [-1.22610294 -0.33897059 -0.35977941]
31575 2 2 [-41.25965074 -23.671875    21.74034926] [ 12.17095588  -6.75873162  -0.41681985] [-0.39720588 -2.47654412 -0.01352941] [-18.58961397   2.30284926  -4.93841912] [-57.26700368   1.10845588   0.46553309] [-1.37610294 -0.26897059 -0.47977941]
31613 2 0 [-22.25965074 -35.796875   -19.25965074] [ 12.17095588  -5.57123162   0.77068015] [ 1.03279412 -1.49654412 -0.42352941] [-7.40211397 -0.88465074 -4.12591912] [-65.14200368   1.17095588   0.71553309] [-1.25610294 -0.39897059 -0.34977941]
31653 2 0 [-20.00965074 -16.796875    -1.44715074] [ 12.42095588  -4.69623162   1.58318015] [ 0.04279412 -0.33654412 -0.03352941] [ 1.41038603 -4.82215074 -1.37591912] [-65.14200368   1.17095588   0.96553309] [-1.28610294  0.10102941 -0.25977941]
31689 4 0 [-10.07215074 -15.296875    10.05284926] [ 11.98345588  -4.13373162   2.14568015] [ 0.00279412  0.03345588  0.55647059] [ 7.97288603 -4.69715074 -0.56341912] [-57.07950368   1.29595588   0.77803309] [-1.11610294  0.22102941 -0.15977941]
31724 3 0 [ -8.57215074 -20.359375    24.36534926] [ 11.35845588  -3.57123162   2.33318015] [ 1.21279412 -0.21654412  0.29647059] [-4.46461397 -2.07215074 -1.00091912] [-57.07950368   1.35845588   0.84053309] [-1.23610294 -0.05897059 -0.28977941]
31762 6 0 [ -3.82215074 -16.609375    31.55284926] [ 10.04595588  -2.82123162   2.39568015] [ 2.20279412 -2.52654412 -0.88352941] [-5.71461397 -2.13465074 -2.31341912] [-65.14200368   1.35845588   0.90303309] [-1.01610294 -0.37897059 -0.30977941]
31799 4 0 [ 8.17784926 -2.796875    5.92784926] [ 9.60845588 -2.69623162  1.95818015] [-0.12720588 -1.05654412  0.27647059] [ 6.09788603 -2.25965074  0.43658088] [-57.14200368   1.42095588   1.02803309] [-1.07610294 -0.24897059 -0.26977941]
31838 4 2 [ 15.61534926  -3.984375     6.36534926] [ 9.48345588 -2.57123162  1.14568015] [-0.86720588  1.05345588  0.19647059] [-4.52711397 -2.19715074  0.12408088] [-57.14200368   1.48345588   1.02803309] [-1.10610294 -0.15897059 -0.24977941]
31875 4 1 [  7.92784926  -3.109375    21.61534926] [ 8.98345588 -2.44623162  0.64568015] [ 1.55279412 -1.11654412 -0.05352941] [-4.15211397 -3.13465074 -0.31341912] [-57.20450368   1.54595588   1.09053309] [-1.06610294 -0.04897059 -0.14977941]
31914 4 1 [ 24.92784926   1.390625     5.30284926] [ 8.67095588 -2.50873162 -0.10431985] [-0.91720588 -0.56654412  0.25647059] [-6.15211397 -0.82215074  0.31158088] [-65.26700368   1.54595588   1.21553309] [-1.18610294 -0.23897059 -0.31977941]
31953 4 1 [ 21.55284926   1.203125     6.80284926] [ 8.48345588 -2.44623162 -1.10431985] [ 0.95279412 -0.59654412 -0.05352941] [ 7.47288603 -2.38465074  1.99908088] [-65.32950368   1.54595588   1.15303309] [-0.95610294 -0.20897059 -0.27977941]
31989 1 3 [ 22.05284926  -1.984375     2.05284926] [ 8.54595588 -2.50873162 -2.10431985] [-0.65720588 -0.82654412  0.97647059] [-2.71461397  2.42784926  2.43658088] [-57.45450368   1.48345588   1.15303309] [-0.86610294 -0.30897059 -0.13977941]
32025 0 4 [ 23.67784926 -10.171875    13.49034926] [ 8.48345588 -2.25873162 -2.91681985] [ 1.08279412 -1.26654412  0.10647059] [-2.02711397  7.11534926  6.18658088] [-65.51700368   1.23345588   1.21553309] [-0.97610294 -0.22897059 -0.14977941]
32063 0 8 [ 38.17784926  -7.734375     7.11534926] [ 8.17095588 -2.00873162 -4.29181985] [ 1.27279412  0.97345588  0.29647059] [ -3.96461397  16.11534926   9.18658088] [-57.76700368   0.60845588   1.21553309] [-1.15610294  0.48102941 -0.04977941]
32103 0 7 [ 27.49034926   2.328125     9.67784926] [ 8.10845588 -1.82123162 -5.47931985] [-0.76720588  0.08345588  1.18647059] [ -6.08961397  28.36534926   7.62408088] [-65.95450368  -0.26654412   1.59053309] [-0.59610294 -0.27897059  0.44022059]
32139 0 10 [ 11.36534926   6.015625    35.61534926] [ 7.23345588 -1.94623162 -6.47931985] [-0.62720588 -0.91654412  2.13647059] [ -6.15211397  67.55284926  17.12408088] [-58.07950368  -2.26654412   2.40303309] [ 1.12389706 -0.72897059  1.02022059]
32176 0 6 [ 11.74034926  11.328125    43.42784926] [ 5.67095588 -2.13373162 -7.60431985] [ 1.29279412 -0.82654412  3.64647059] [  -4.58961397  115.05284926   30.93658088] [-58.26700368  -6.39154412   3.21553309] [ 1.38389706 -0.09897059  1.22022059]
32215 0 0 [ 11.67784926  -5.171875    41.92784926] [ 4.60845588 -1.94623162 -8.22931985] [ 0.96279412 -1.89654412  3.35647059] [ -24.40211397  188.24034926   61.74908088] [ 293.17049632  -11.45404412    4.59053309] [ 0.95389706 -1.19897059  0.97022059]
32255 0 0 [ -3.82215074 -15.359375    45.11534926] [ 2.85845588 -1.00873162 -8.79181985] [ 1.26279412 -5.10654412  2.20647059] [ -11.21461397  242.86534926  102.31158088] [ 291.60799632  -20.70404412    7.09053309] [-6.43610294 -1.72897059  3.10022059]
32294 0 0 [ 34.11534926   6.515625     0.99034926] [ 10.29595588  -1.07123162 -10.29181985] [-3.08720588 -4.21654412  1.05647059] [-25.77711397  98.30284926  26.31158088] [ 298.42049632  -28.57904412   10.71553309] [-3.48610294  2.52102941 -2.65977941]
32332 0 0 [ 150.86534926   34.328125    -84.25965074] [  5.17095588  -2.50873162 -13.10431985] [-0.42720588  7.37345588  4.78647059] [ 58.97288603 -35.82215074  65.68658088] [ 296.98299632  -29.70404412    5.52803309] [-1.59610294  2.77102941 -0.86977941]
32369 0 0 [ 152.36534926   41.703125     22.42784926] [  5.92095588  -3.82123162 -19.10431985] [-0.72720588  2.68345588  3.47647059] [  -3.21461397   29.92784926  104.37408088] [  2.93607996e+02  -3.20165441e+01   9.05330882e-02] [-6.23610294 -2.58897059  1.70022059]
32407 0 0 [ 100.74034926   89.265625    136.55284926] [  9.35845588  -4.88373162 -25.60431985] [-0.45720588 -1.73654412  5.22647059] [ -23.96461397   83.05284926  142.56158088] [ 281.48299632  -35.51654412   -4.15946691] [-5.99610294 -5.15897059  3.54022059]
32445 0 0 [ 125.17784926   54.953125    109.74034926] [ -1.95404412  -4.63373162 -30.79181985] [ 0.99279412 -3.79654412  2.85647059] [  -6.08961397   75.99034926  127.43658088] [ 283.85799632  -40.32904412  -11.40946691] [ 0.47389706 -4.44897059  2.34022059]
32482 0 0 [ 136.86534926   62.703125     38.74034926] [ -3.89154412  -5.25873162 -37.16681985] [ 1.39279412 -3.72654412  0.90647059] [  -3.65211397  111.92784926   78.18658088] [ 280.17049632  -44.76654412  -19.03446691] [ 0.81389706 -4.50897059  2.43022059]
32521 0 0 [ 106.99034926   69.328125    -11.38465074] [ -3.89154412  -7.07123162 -42.60431985] [ 1.08279412 -2.36654412  0.16647059] [   5.72288603  108.86534926   47.62408088] [ 278.42049632  -49.20404412  -25.09696691] [ 1.66389706 -3.85897059  3.66022059]
32556 0 0 [ 74.49034926  54.140625   -14.00965074] [  4.60845588  -9.13373162 -46.72931985] [ 0.23279412 -4.53654412  0.48647059] [  7.53538603  65.17784926  -2.81341912] [ 270.23299632  -51.51654412  -26.28446691] [ 4.14389706 -3.07897059  3.04022059]
32579 1 0 [ 62.30284926  29.265625   -34.57215074] [ -2.76654412 -10.00873162 -48.10431985] [ 0.72279412 -3.89654412 -1.66352941] [ 16.66038603  24.11534926 -39.62591912] [ 271.54549632  -52.57904412  -22.40946691] [ 5.97389706 -2.75897059  2.25022059]
32602 0 0 [ 44.30284926  13.890625   -40.44715074] [ -1.32904412 -11.13373162 -49.22931985] [ 1.35279412 -4.75654412 -3.22352941] [ 23.34788603   2.92784926 -46.93841912] [ 272.79549632  -52.64154412  -18.03446691] [ 7.58389706 -2.00897059  2.12022059]
32625 0 0 [  0.67784926  -0.796875   -53.63465074] [ -0.26654412 -11.88373162 -49.10431985] [ 1.55279412 -4.76654412 -3.96352941] [ 21.91038603 -24.00965074 -57.06341912] [ 274.23299632  -52.14154412  -13.40946691] [ 10.52389706  -1.20897059   1.02022059]
32647 0 0 [-34.44715074 -10.234375   -60.69715074] [  0.79595588 -12.63373162 -48.16681985] [ 2.23279412 -4.33654412 -3.61352941] [  7.03538603 -69.19715074 -76.56341912] [ 276.60799632  -49.64154412   -6.84696691] [ 8.98389706 -1.25897059  1.37022059]
32668 0 0 [-68.82215074 -33.546875   -63.25965074] [  1.92095588 -13.19623162 -46.35431985] [ 2.58279412 -4.75654412 -4.42352941] [   5.47288603 -110.63465074  -84.56341912] [ 278.23299632  -46.89154412   -4.22196691] [ 9.33389706 -0.69897059 -0.16977941]
32690 0 0 [-98.57215074 -49.484375   -73.63465074] [  3.04595588 -13.57123162 -43.72931985] [ 3.11279412 -4.99654412 -5.00352941] [   7.47288603 -145.94715074 -105.62591912] [ 280.04549632  -43.57904412   -2.15946691] [ 7.90389706 -0.68897059 -0.98977941]
32713 0 0 [-121.38465074  -59.734375    -94.50965074] [  5.29595588 -14.07123162 -38.41681985] [ 2.58279412 -2.20654412 -4.61352941] [   5.16038603 -153.32215074 -116.12591912] [ 282.04549632  -40.01654412   -0.47196691] [ 6.31389706  1.24102941 -1.01977941]
32737 0 0 [-142.19715074  -72.046875    -95.25965074] [  6.85845588 -14.13373162 -34.41681985] [ 2.38279412 -1.07654412 -4.34352941] [   2.66038603 -170.44715074 -109.62591912] [ 283.79549632  -36.14154412    0.52803309] [ 1.57389706  1.76102941 -0.02977941]
32757 0 0 [-150.69715074  -86.859375    -83.57215074] [  8.10845588 -13.69623162 -30.22931985] [ 1.44279412 -0.40654412 -3.81352941] [  -1.02711397 -190.88465074  -94.93841912] [ 285.73299632  -30.01654412    0.40303309] [ 0.62389706  1.09102941 -1.13977941]
32780 0 0 [-158.32215074  -81.296875    -74.88465074] [  9.54595588 -12.57123162 -23.97931985] [ 1.06279412  0.88345588 -2.35352941] [  -0.58961397 -200.32215074  -86.06341912] [  2.86732996e+02  -2.57665441e+01  -3.44669118e-02] [-2.12610294  0.36102941 -2.83977941]
32803 0 0 [-155.19715074  -88.671875    -69.69715074] [ 10.42095588 -11.50873162 -20.04181985] [ 0.07279412  1.54345588 -2.92352941] [  -5.02711397 -179.13465074  -94.62591912] [  2.87857996e+02  -2.17665441e+01   2.80330882e-02] [-3.97610294  0.84102941 -3.60977941]
32827 0 0 [-137.88465074  -71.546875    -69.38465074] [-2036.70404412   -10.57123162   -16.41681985] [-0.11720588  1.98345588 -3.48352941] [  -7.27711397 -156.82215074  -95.12591912] [ 289.73299632  -16.45404412    0.59053309] [-5.30610294  0.91102941 -4.04977941]
32849 0 0 [-118.25965074  -55.046875    -71.88465074] [ 12.23345588  -9.88373162 -13.22931985] [-0.29720588  2.21345588 -2.28352941] [ -10.83961397 -116.57215074 -107.68841912] [ 291.17049632  -13.39154412    1.40303309] [-5.41610294  1.55102941 -2.29977941]
32873 0 0 [-98.19715074 -45.484375   -77.38465074] [ 13.98345588  -9.00873162  -9.22931985] [-1.90720588  2.16345588  0.15647059] [  -8.08961397 -105.63465074 -108.06341912] [ 292.79549632  -10.57904412    2.21553309] [-7.44610294  1.62102941 -0.48977941]
32899 0 0 [-71.19715074 -32.796875   -87.82215074] [ 15.35845588  -8.63373162  -7.04181985] [-2.02720588  3.09345588  1.65647059] [  -2.96461397 -108.94715074  -97.56341912] [-65.14200368  -6.51654412   2.96553309] [-6.98610294  2.43102941 -2.30977941]
32921 0 0 [-57.13465074 -45.421875   -83.44715074] [ 17.48345588  -7.69623162  -4.29181985] [-1.20720588  4.75345588 -2.19352941] [ -4.15211397 -83.00965074 -74.68841912] [-64.01700368  -4.20404412   3.27803309] [-6.40610294  4.23102941 -3.92977941]
