Walk1701 0.02131104727082789 0.047009663097414466 0.03613291751801269 0.03484245617808366 0.2243927918516584 0.11595716897362236 0.275163227996866 0.14969351543176687 0.12132291839787268 34
Walk1702 0.024890585136172243 0.07342722615170812 0.02686108979278588 0.03069838833461243 0.2252597954823588 0.13378689510692582 0.30428740328970566 0.1502941928882067 0.12071044841574388 36
Walk1703 0.019798508924796603 0.06040951290855908 0.05468650642248506 0.03624570774513544 0.21592748796106295 0.11446012972148036 0.23973038280554496 0.1538852855144347 0.11380607183735762 36
Walk1704 0.027916210012613994 0.06265638247275586 0.03953073195613364 0.03379239989798521 0.21960751876589676 0.13523852850555224 0.27233813767861204 0.16067329762815608 0.12034102087659855 36
Walk1705 0.02079497454781761 0.048088378641828224 0.06957142220041922 0.02876510725594256 0.1683093252463988 0.15531246615401278 0.43019603595797684 0.09030905766400571 0.1157901991867117 34
Walk1706 0.017336924553419397 0.03962725612210148 0.046438190768087674 0.025455008272877687 0.14860221045788055 0.1201201201201201 0.36531376737562304 0.11072928598701794 0.12109311078383243 36
Walk1707 0.022900763358778626 0.035623409669211195 0.031170483460559797 0.03625954198473283 0.12595419847328246 0.0871501272264631 0.26717557251908397 0.1297709923664122 0.11810250817884406 36
Walk1708 0.024907321594068582 0.04228452270620946 0.03417516218721038 0.03448002536461636 0.13496292863762743 0.1077386468952734 0.3075764596848934 0.1216404077849861 0.11651870640456563 38
Walk1801 0.02488623435722412 0.09314562002275313 0.05546075085324232 0.04763936291240045 0.19553469852104663 0.19126848691695109 0.37044937428896474 0.10949943117178612 0.09578333149840361 32
Walk1802 0.03006388575723412 0.07591131153701616 0.05937617437053739 0.03343311433347587 0.16986095452837277 0.1473130402104472 0.3104096204434423 0.1220697430315282 0.09180222258012562 29
Walk1803 0.02567333063921839 0.10269332255687356 0.06853352984524687 0.06116433308769344 0.20039460860056577 0.19041053557420304 0.4164784748139872 0.11643330876934414 0.09071735318781288 30
Walk1804 0.029672797262617623 0.06896920444824636 0.057741659538066724 0.02566295979469632 0.18365055603079555 0.14836398631308811 0.2429961505560308 0.13793840889649273 0.10146373918829009 28
Walk1805 0.020869772618858324 0.02981396088408332 0.06260931785657496 0.03123213848289377 0.14072189537287327 0.12700747336619492 0.30350612179996816 0.08573528210990447 0.09724320241691842 37
Walk1806 0.025258323765786454 0.060849598163031 0.05568312284730196 0.0338691159586682 0.13375430539609645 0.12973593570608496 0.2956371986222733 0.08897818599311137 0.0891989755365186 40
Walk1807 0.027474067844126718 0.04429492570787777 0.07176899355200449 0.016091954022988506 0.2753013737033922 0.12671712924025794 0.25399495374264086 0.10919540229885057 0.1013852048334807 40
Walk1808 0.02229751885451962 0.1114875942725981 0.10666546649264144 0.13569467572798055 0.23609137610667835 0.20264509782489892 0.3895314820648994 0.10126468337908998 0.06677331849481812 34
Walk1809 0.01845844054144759 0.041391654547488534 0.07159637543349369 0.05034120147667525 0.15997315135921245 0.12585300369168811 0.23884103367267034 0.08166461572882873 0.06474778921634165 42
Walk1810 0.0200238881472634 0.03290893396633578 0.0922529132498921 0.05826499784203711 0.17916110447551464 0.09853860746153305 0.1650841605524385 0.08523953388001726 0.05609387664873628 42
Walk1901 0.03191431816952453 0.03461892140423 0.04045030984198521 0.05153258651102225 0.12495266944339264 0.11846162168009954 0.2726240060583112 0.14129902753022228 0.11955698599015525 41
Walk1902 0.03384731101918014 0.02793746306345028 0.03223553430398109 0.05802396174716596 0.11819695911459734 0.128404878310858 0.2444528018051899 0.14129909203245045 0.1133747328447335 42
Walk1903 0.03271998029764627 0.03324772191535024 0.03998271017938189 0.05565161011454506 0.1081870316293143 0.13193540442599305 0.22903986208352392 0.13885887183920467 0.10626914136009741 42
Walk2001 0.024954298813219974 0.038882279546179954 0.06325624582885994 0.07370223137857992 0.14089023010184837 0.12767315671879986 0.2936482604532397 0.08646954705045991 0.06760110385356072 39
Walk2002 0.03765470838177347 0.051852385312606095 0.04691406290188171 0.01604954783485427 0.259879216864371 0.0722229652568442 0.2604965071657116 0.10926038333727713 0.15416825275980206 37
Walk2003 0.025363743609909555 0.04600865119937082 0.05989291872107444 0.06533772951389939 0.13271726307510814 0.11502162799842705 0.2866692882422336 0.09256178347802414 0.07606018585590993 39
Walk2004 0.037404190086867656 0.03495145631067961 0.05101023353450538 0.017003411178168462 0.22503832396525295 0.054573326520183964 0.2464997445068983 0.11146680661243769 0.13851132686084144 37
Walk2005 0.02306805074971165 0.058557359595421875 0.07571052553751516 0.08872327211427558 0.1508295625942685 0.13131044272912787 0.30047614822701324 0.0810339218643717 0.06616888241364657 39
Walk2006 0.04125979920231055 0.028881859441617384 0.07446104387291982 0.03262102874432678 0.19323339293082106 0.0529500756429652 0.2118003025718608 0.10779122541603631 0.11419647650187888 32
Walk2007 0.019636934892651423 0.08574794903124455 0.09032990050619655 0.09104397086592933 0.1479315761913074 0.15644091464478968 0.3096090068074708 0.0917183706501214 0.07350957647693553 33
Walk2008 0.03349282296650718 0.06100478468899522 0.05801435406698565 0.02332535885167464 0.22667464114832536 0.04784688995215312 0.21291866028708137 0.10287081339712918 0.14097051597051596 38
Walk2009 0.016536686946225145 0.0660474283437821 0.07548277525003669 0.06856352085211666 0.14760524274223183 0.13229349556980116 0.28557649969597215 0.09498249218962951 0.08598396689940521 37
Walk2010 0.03666792027077849 0.049642722828130884 0.0727717186912373 0.011846558856713051 0.1822113576532531 0.04061677322301617 0.15231289958631064 0.10661902971041745 0.11195649029421126 40
Walk2011 0.017836241012206676 0.061869461011091906 0.045705367593779606 0.06409899113761774 0.14882113594559945 0.12596845214870966 0.2803634134106237 0.0808204670865615 0.07936583462596232 42
Walk2012 0.03716253142419937 0.04809268772543448 0.09069363838244351 0.021273816410696627 0.18526614930593507 0.03716253142419937 0.16832440703902066 0.0862149401907179 0.11247130833970927 41
Walk2013 0.014018364056914558 0.03364407373659494 0.12055793088946519 0.04205509217074367 0.2600406532557651 0.09182028457279034 0.34134716478586946 0.10864232144108783 0.13697474942174248 33
Walk2014 0.013310759530620584 0.03292661568100882 0.04133341117403234 0.05114133924922646 0.24099480413334112 0.0805651234748088 0.3180570961527235 0.12189853464884115 0.13341666866991997 35
Walk2015 0.02365717375630858 0.06556416726748378 0.05136986301369863 0.05136986301369863 0.25752523431867336 0.11558219178082191 0.3156542898341745 0.11940022213994816 0.1376997716894977 37
Walk2016 0.02469604863221885 0.10828267477203647 0.04274316109422493 0.04749240121580547 0.21656534954407294 0.17667173252279636 0.34859422492401215 0.11778115501519758 0.12657604412923562 28
Walk2017 0.02731369781945646 0.177539035826467 0.062186302709878766 0.04401951764856587 0.21987526744662447 0.2451404379296217 0.2929394091136705 0.10061604033957915 0.13341440732527363 43
Walk2018 0.039940355735435085 0.17733517946533178 0.049526041111939506 0.05192246245606561 0.20529342848013632 0.22446479923314516 0.2819789114921717 0.11742464586217914 0.13387008733624456 41
Walk2101 0.027480916030534354 0.07262813522355507 0.04187568157033806 0.04449291166848419 0.31210468920392587 0.1589967284623773 0.3651035986913849 0.12889858233369683 0.14279299506061965 35
Walk2102 0.021001050052502624 0.07445826836796385 0.04397094854742737 0.03609555477773888 0.2774684188754892 0.1489165367359277 0.31692493715594866 0.14700735036751836 0.13887791163751737 32
Walk2103 0.021671826625387 0.05108359133126936 0.07585139318885449 0.08513931888544893 0.30340557275541796 0.14009287925696595 0.2825077399380805 0.16176470588235295 0.12690829507846696 30
Walk2104 0.019734678215107992 0.09933121368271024 0.04604758250191865 0.06183532507400505 0.26925044768482986 0.16182436136388553 0.3289113035851332 0.12301282754083981 0.11105593426933322 35
Walk2105 0.018252769385699898 0.08685800604229606 0.07112286002014098 0.07112286002014098 0.2769385699899295 0.15357502517623364 0.2964501510574018 0.12651057401812688 0.11394044022442813 36
Walk2106 0.016486415193880243 0.07649696649960433 0.05341598522817198 0.05275652862041677 0.2697177525718808 0.12925349512002107 0.286204167765761 0.1642046953310472 0.13317026769941567 34
Walk1701 0.020250316411193924 0.030375474616790885 0.027422303473491772 0.03473491773308958 0.2362536914639291 0.1096892138939671 0.2581915342427225 0.16087751371115175 0.13561575535981385 12
Walk1701 0.020250316411193924 0.030375474616790885 0.027422303473491772 0.03473491773308958 0.2362536914639291 0.1096892138939671 0.2581915342427225 0.16087751371115175 0.13561575535981385 12
Walk1701 0.02193784277879342 0.029250457038391225 0.018281535648994516 0.018281535648994516 0.25071820318621046 0.09715330373465657 0.32541133455210236 0.14990859232175502 0.14259597806215724 6
Walk1701 0.005484460694698354 0.027422303473491772 0.014625228519195612 0.021937842778793418 0.263254113345521 0.10420475319926874 0.2413162705667276 0.16087751371115175 0.1590493601462523 3
Walk1701 0.08547008547008547 0.11396011396011396 0.07122507122507123 0.07122507122507123 0.9768009768009769 0.3785103785103785 1.2678062678062678 0.584045584045584 0.5555555555555556 6
Walk1701 0.08547008547008547 0.11396011396011396 0.07122507122507123 0.07122507122507123 0.9768009768009769 0.3785103785103785 1.2678062678062678 0.584045584045584 0.5555555555555556 6
Walk1701 0.08547008547008547 0.11396011396011396 0.07122507122507123 0.07122507122507123 0.9768009768009769 0.3785103785103785 1.2678062678062678 0.584045584045584 0.5555555555555556 6
Walk1701 0.08547008547008547 0.11396011396011396 0.07122507122507123 0.07122507122507123 0.9768009768009769 0.3785103785103785 1.2678062678062678 0.584045584045584 0.5555555555555556 6
Walk1701 0.08547008547008547 0.11396011396011396 0.07122507122507123 0.07122507122507123 0.9768009768009769 0.3785103785103785 1.2678062678062678 0.584045584045584 0.5555555555555556 6
Walk1701 0.08547008547008547 0.1388888888888889 0.07478632478632478 0.1282051282051282 0.9508547008547009 0.44871794871794873 1.153846153846154 0.6303418803418803 0.5067155067155068 8
Walk1701 0.08547008547008547 0.11965811965811965 0.10446343779677113 0.14245014245014245 0.9401709401709402 0.42735042735042733 0.9572649572649572 0.6457739791073124 0.5288461538461539 9
Walk1701 0.08547008547008547 0.11965811965811965 0.10446343779677113 0.14245014245014245 0.9401709401709402 0.42735042735042733 0.9572649572649572 0.6457739791073124 0.5288461538461539 9
Walk1701 0.08547008547008547 0.11965811965811965 0.10446343779677113 0.14245014245014245 0.9401709401709402 0.42735042735042733 0.9572649572649572 0.6457739791073124 0.5288461538461539 9
Walk1701 0.08547008547008547 0.11965811965811965 0.10446343779677113 0.14245014245014245 0.9401709401709402 0.42735042735042733 0.9572649572649572 0.6457739791073124 0.5288461538461539 9
Walk1701 0.08547008547008547 0.11965811965811965 0.10446343779677113 0.14245014245014245 0.9401709401709402 0.42735042735042733 0.9572649572649572 0.6457739791073124 0.5288461538461539 9
Walk1701 0.08547008547008547 0.11965811965811965 0.10446343779677113 0.14245014245014245 0.9401709401709402 0.42735042735042733 0.9572649572649572 0.6457739791073124 0.5288461538461539 9
Walk1701 0.08547008547008547 0.11965811965811965 0.10446343779677113 0.14245014245014245 0.9401709401709402 0.42735042735042733 0.9572649572649572 0.6457739791073124 0.5288461538461539 9
Walk1701 0.08547008547008547 0.11965811965811965 0.10446343779677113 0.14245014245014245 0.9401709401709402 0.42735042735042733 0.9572649572649572 0.6457739791073124 0.5288461538461539 9
Walk1701 0.08547008547008547 0.11965811965811965 0.10446343779677113 0.14245014245014245 0.9401709401709402 0.42735042735042733 0.9572649572649572 0.6457739791073124 0.5288461538461539 9
Walk1701 0.08547008547008547 0.11965811965811965 0.10446343779677113 0.14245014245014245 0.9401709401709402 0.42735042735042733 0.9572649572649572 0.6457739791073124 0.5288461538461539 9
Walk1701 0.08547008547008547 0.11965811965811965 0.10446343779677113 0.14245014245014245 0.9401709401709402 0.42735042735042733 0.9572649572649572 0.6457739791073124 0.5288461538461539 9
Walk1701 0.08547008547008547 0.11965811965811965 0.10446343779677113 0.14245014245014245 0.9401709401709402 0.42735042735042733 0.9572649572649572 0.6457739791073124 0.5288461538461539 9
Walk1701 0.08547008547008547 0.11965811965811965 0.10446343779677113 0.14245014245014245 0.9401709401709402 0.42735042735042733 0.9572649572649572 0.6457739791073124 0.5288461538461539 9
Walk1701 0.08547008547008547 0.11965811965811965 0.10446343779677113 0.14245014245014245 0.9401709401709402 0.42735042735042733 0.9572649572649572 0.6457739791073124 0.5288461538461539 9
Walk1701 0.08547008547008547 0.11965811965811965 0.10446343779677113 0.14245014245014245 0.9401709401709402 0.42735042735042733 0.9572649572649572 0.6457739791073124 0.5288461538461539 9
Walk1701 0.09574468085106383 0.25531914893617025 0.1196808510638298 0.1196808510638298 1.851063829787234 0.8297872340425533 1.946808510638298 1.1170212765957448 1.0904255319148937 4
Walk1701 0.09574468085106383 0.25531914893617025 0.12765957446808512 0.12765957446808512 1.851063829787234 0.8297872340425533 2.2340425531914896 1.148936170212766 1.0372340425531916 5
Walk1701 0.09574468085106383 0.25531914893617025 0.12765957446808512 0.12765957446808512 1.851063829787234 0.8297872340425533 2.2340425531914896 1.148936170212766 1.0372340425531916 5
Walk1701 0.09574468085106383 0.25531914893617025 0.12765957446808512 0.12765957446808512 1.851063829787234 0.8297872340425533 2.2340425531914896 1.148936170212766 1.0372340425531916 5
Walk1701 0.09574468085106383 0.25531914893617025 0.12765957446808512 0.12765957446808512 1.851063829787234 0.8297872340425533 2.2340425531914896 1.148936170212766 1.0372340425531916 5
Walk1701 0.09574468085106383 0.25531914893617025 0.12765957446808512 0.12765957446808512 1.851063829787234 0.8297872340425533 2.2340425531914896 1.148936170212766 1.0372340425531916 5
Walk1701 0.09574468085106383 0.25531914893617025 0.12765957446808512 0.12765957446808512 1.851063829787234 0.8297872340425533 2.2340425531914896 1.148936170212766 1.0372340425531916 5
Walk1701 0.09574468085106383 0.25531914893617025 0.12765957446808512 0.12765957446808512 1.851063829787234 0.8297872340425533 2.2340425531914896 1.148936170212766 1.0372340425531916 5
Walk1701 0.09574468085106383 0.25531914893617025 0.12765957446808512 0.12765957446808512 1.851063829787234 0.8297872340425533 2.2340425531914896 1.148936170212766 1.0372340425531916 5
Walk1701 0.09574468085106383 0.25531914893617025 0.12765957446808512 0.12765957446808512 1.851063829787234 0.8297872340425533 2.2340425531914896 1.148936170212766 1.0372340425531916 5
Walk1701 0.09574468085106383 0.25531914893617025 0.12765957446808512 0.12765957446808512 1.851063829787234 0.8297872340425533 2.2340425531914896 1.148936170212766 1.0372340425531916 5
Walk1701 0.09574468085106383 0.25531914893617025 0.12765957446808512 0.12765957446808512 1.851063829787234 0.8297872340425533 2.2340425531914896 1.148936170212766 1.0372340425531916 5
Walk1701 0.09574468085106383 0.25531914893617025 0.12765957446808512 0.12765957446808512 1.851063829787234 0.8297872340425533 2.2340425531914896 1.148936170212766 1.0372340425531916 5
Walk1701 0.09574468085106383 0.25531914893617025 0.12765957446808512 0.12765957446808512 1.851063829787234 0.8297872340425533 2.2340425531914896 1.148936170212766 1.0372340425531916 5
Walk1701 0.09574468085106383 0.25531914893617025 0.12765957446808512 0.12765957446808512 1.851063829787234 0.8297872340425533 2.2340425531914896 1.148936170212766 1.0372340425531916 5
Walk1701 0.09574468085106383 0.25531914893617025 0.12765957446808512 0.12765957446808512 1.851063829787234 0.8297872340425533 2.2340425531914896 1.148936170212766 1.0372340425531916 5
Walk1701 0.09574468085106383 0.25531914893617025 0.12765957446808512 0.12765957446808512 1.851063829787234 0.8297872340425533 2.2340425531914896 1.148936170212766 1.0372340425531916 5
Walk1701 0.09574468085106383 0.25531914893617025 0.12765957446808512 0.12765957446808512 1.851063829787234 0.8297872340425533 2.2340425531914896 1.148936170212766 1.0372340425531916 5
Walk1701 0.09574468085106383 0.25531914893617025 0.12765957446808512 0.12765957446808512 1.851063829787234 0.8297872340425533 2.2340425531914896 1.148936170212766 1.0372340425531916 5
Walk1701 0.09574468085106383 0.25531914893617025 0.12765957446808512 0.12765957446808512 1.851063829787234 0.8297872340425533 2.2340425531914896 1.148936170212766 1.0372340425531916 5
Walk1701 0.09574468085106383 0.25531914893617025 0.12765957446808512 0.12765957446808512 1.851063829787234 0.8297872340425533 2.2340425531914896 1.148936170212766 1.0372340425531916 5
Walk1702 0.10238907849829351 0.28668941979522183 0.08191126279863481 0.07679180887372014 1.1467576791808873 0.4709897610921502 1.5358361774744027 0.6911262798634812 0.6015358361774744 4
Walk1705 0.01819560272934041 0.05913570887035633 0.07278241091736164 0.0511751326762699 0.16376042456406367 0.1865049279757392 0.3821076573161486 0.06823351023502654 0.11751326762699014 4
Walk1705 0.1818181818181818 0.6363636363636364 0.6818181818181818 0.6818181818181818 2.0 2.3636363636363633 1.3636363636363635 0.8181818181818181 1.5 2
Walk1705 0.17647058823529413 1.0588235294117647 0.8823529411764707 0.8823529411764707 3.0 3.5294117647058827 2.1176470588235294 1.0588235294117647 1.9411764705882355 2
Walk1705 0.17647058823529413 1.0588235294117647 0.8823529411764707 0.8823529411764707 3.0 3.5294117647058827 2.1176470588235294 1.0588235294117647 1.9411764705882355 2
Walk1705 0.17647058823529413 1.0588235294117647 0.8823529411764707 0.8823529411764707 3.0 3.5294117647058827 2.1176470588235294 1.0588235294117647 1.9411764705882355 2
Walk1702 0.10238907849829351 0.28668941979522183 0.08191126279863481 0.07679180887372014 1.1467576791808873 0.4709897610921502 1.5358361774744027 0.6911262798634812 0.6015358361774744 4
Walk1702 0.39473684210526316 0.986842105263158 0.39473684210526316 0.5921052631578947 4.342105263157895 2.1710526315789473 6.5131578947368425 2.960526315789474 2.5657894736842106 2
