MaheshUp01 0.0568482905982906 0.01136965811965812 0.01136965811965812 0.32972008547008547 0.3410897435897436 0.05912222222222222 6
MaheshUp02 0.057041531823085224 0.02281661272923409 0.018253290183387273 0.23957443365695794 0.24185609492988136 0.008556229773462784 6
MaheshUp03 0.09946428571428571 0.014735449735449735 0.011051587301587304 0.279973544973545 0.27628968253968256 0.04420634920634921 6
MaheshUp04 0.13547752808988764 0.0038707865168539327 0.01548314606741573 0.24385955056179776 0.27482584269662924 0.013934831460674157 6
MaheshUp05 0.24292261904761905 0.07659722222222222 0.030638888888888893 0.5186726190476191 0.6012881944444445 0.3354958333333334 6
MaheshUp06 0.03025020990764064 0.01512510495382032 0.0378127623845508 0.3251897565071369 0.33653358522250215 0.03176272040302267 6
MaheshUp07 0.06878266494178525 0.015285036653730056 0.030570073307460113 0.32480702889176366 0.2445605864596809 0.032098576972833116 6
MaheshUp08 0.03429317548746518 0.011431058495821727 0.038103528319405756 0.3276903435468895 0.2667246982358403 0.052582869080779936 6
MaheshUp09 0.051234382124942995 0.021957592339261284 0.02927678978568171 0.28544870041039666 0.24519311445508432 0.02415335157318741 6
MaheshUp10 0.10215038314176245 0.018241139846743294 0.03648227969348659 0.30645114942528734 0.23348659003831418 0.08755747126436782 6
MaheshUp11 0.08466813942071673 0.019242758959253804 0.03463696612665685 0.273247177221404 0.23476165930289639 0.03463696612665685 6
MaheshUp12 0.09956875 0.0248921875 0.04148697916666667 0.3733828125 0.20743489583333333 0.07716578125 6
MaheshUp13 0.09464297253634896 0.04732148626817448 0.00788691437802908 0.21294668820678517 0.18928594507269791 0.03549111470113086 6
MaheshUp14 0.10245921052631579 0.06985855263157895 0.08848750000000001 0.23286184210526314 0.1909467105263158 0.04948314144736842 5
MaheshUp15 1.5952142857142857 1.694295918367347 1.69925 1.3574183673469387 1.4862244897959183 1.7091581632653061 5
MaheshUp15 1.5952142857142857 1.694295918367347 1.69925 1.3574183673469387 1.4862244897959183 1.7091581632653061 5
MaheshUp15 0.0891734693877551 0.012385204081632652 0.024770408163265305 0.20807142857142855 0.2167410714285714 0.03302721088435374 5
MaheshUp16 0.10137399678972711 0.025343499197431778 0.010137399678972713 0.40549598715890844 0.2432975922953451 0.0696946227929374 5
MaheshUp17 0.06078823529411764 0.022795588235294113 0.011397794117647056 0.30774044117647054 0.24695220588235292 0.013677352941176469 6
MaheshUp18 0.11188775510204081 0.01864795918367347 0.01864795918367347 0.27226020408163265 0.24242346938775508 0.05818163265306122 6
MaheshUp19 0.08561522309711285 0.01945800524934383 0.046699212598425195 0.3307860892388451 0.21403805774278215 0.05370409448818897 6
MaheshUp20 0.07944806201550388 0.014896511627906978 0.01986201550387597 0.2532406976744186 0.21848217054263563 0.02793095930232558 5
SaikatUp01 0.01917365905469995 0.009586829527349974 0.015978049212249955 0.2939961055053992 0.4154292795184989 0.08015654688145395 7
SaikatUp02 0.04479687500000001 0.014932291666666668 0.02613151041666667 0.32104427083333337 0.4517018229166667 0.07839453125000001 6
SaikatUp03 0.04897587428065516 0.015069499778663127 0.011302124833997345 0.28632049579459945 0.43324811863656487 0.07685444887118195 6
SaikatUp04 0.052223111111111116 0.03730222222222223 0.011190666666666668 0.29841777777777784 0.4103244444444445 0.053715200000000005 6
SaikatUp05 0.04985339506172839 0.01917438271604938 0.007669753086419752 0.2569367283950617 0.3643132716049382 0.025310185185185186 6
SaikatUp06 0.07853184281842819 0.007479223125564589 0.029916892502258357 0.3403046522131888 0.355263098464318 0.09199444444444445 6
SaikatUp06 0.07853184281842819 0.004487533875338753 0.022437669376693767 0.3403046522131888 0.35900271002710027 0.0673130081300813 6
SaikatUp06 0.07853184281842819 0.007479223125564589 0.029916892502258357 0.3403046522131888 0.355263098464318 0.09199444444444445 6
SaikatUp07 0.05177527593818984 0.014792935982339954 0.02958587196467991 0.3698233995584989 0.4992615894039735 0.08210079470198675 6
SaikatUp08 2.299421236872812 2.0820630105017504 2.11256942823804 1.9943570595099185 1.5367607934655778 1.9905437572928824 6
SaikatUp09 0.1279646840148699 0.010968401486988848 0.040217472118959104 0.46798513011152415 0.6105743494423792 0.10310297397769516 6
SaikatUp10 0.05616795366795368 0.018722651222651224 0.05616795366795368 0.40440926640926644 0.4643217503217503 0.08312857142857144 6
SaikatUp11 2.024218094038623 1.7745014693534842 2.152859991603694 1.687479009235936 1.7328820319059612 2.005300167926112 6
SaikatUp12 2.0203564356435644 1.9983960396039604 2.034996699669967 1.668990099009901 1.6287293729372936 1.9050643564356433 6
SaikatUp01 0.01917365905469995 0.009586829527349974 0.015978049212249955 0.2939961055053992 0.4154292795184989 0.08015654688145395 7
SaikatUp02 0.04479687500000001 0.014932291666666668 0.02613151041666667 0.32104427083333337 0.4517018229166667 0.07839453125000001 6
SaikatUp03 0.04897587428065516 0.015069499778663127 0.011302124833997345 0.28632049579459945 0.43324811863656487 0.07685444887118195 6
SaikatUp04 0.052223111111111116 0.03730222222222223 0.011190666666666668 0.29841777777777784 0.4103244444444445 0.053715200000000005 6
SaikatUp05 0.04985339506172839 0.01917438271604938 0.007669753086419752 0.2569367283950617 0.3643132716049382 0.025310185185185186 6
SaikatUp06 0.07853184281842819 0.007479223125564589 0.029916892502258357 0.3403046522131888 0.355263098464318 0.09199444444444445 6
SaikatUp07 0.05177527593818984 0.014792935982339954 0.02958587196467991 0.3698233995584989 0.4992615894039735 0.08210079470198675 6
SaikatUp08 2.299421236872812 2.0820630105017504 2.11256942823804 1.9943570595099185 1.5367607934655778 1.9905437572928824 6
SaikatUp08 2.4138203033838974 2.0820630105017504 2.11256942823804 2.1087561260210035 1.5367607934655778 1.9905437572928824 6
SaikatUp08 2.1468891481913652 2.0820630105017504 2.11256942823804 1.8418249708284717 1.5367607934655778 1.9905437572928824 6
SaikatUp08 1.9867304550758462 2.0820630105017504 2.11256942823804 1.6816662777129523 1.5367607934655778 1.9905437572928824 6
SaikatUp08 0.09533255542590434 0.04575962660443408 0.04957292882147025 0.4003967327887982 0.5376756126021004 0.07779136522753793 6
SaikatUp09 0.1279646840148699 0.010968401486988848 0.040217472118959104 0.46798513011152415 0.6105743494423792 0.10310297397769516 6
SaikatUp10 0.05616795366795368 0.018722651222651224 0.05616795366795368 0.40440926640926644 0.4643217503217503 0.08312857142857144 6
SaikatUp11 2.024218094038623 1.7745014693534842 2.152859991603694 1.687479009235936 1.7328820319059612 2.005300167926112 6
SaikatUp11 0.10972397145256085 0.04161943744752308 0.05297019311502938 0.4464630562552476 0.35944059613769935 0.08626574307304785 6
SaikatUp12 2.0203564356435644 1.9983960396039604 2.034996699669967 1.668990099009901 1.6287293729372936 1.9050643564356433 6
SaikatUp12 0.08052145214521451 0.021960396039603963 0.06588118811881187 0.4245676567656766 0.32574587458745874 0.10101782178217822 6
SaikatUp13 0.0763538873994638 0.02672386058981233 0.06108310991957105 0.4237640750670241 0.4237640750670241 0.09391528150134049 6
SaikatUp14 2.0636666666666668 2.155944444444444 2.2020833333333334 1.6945555555555556 1.7700555555555555 2.0049444444444444 6
SaikatUp14 0.12583333333333332 0.050333333333333334 0.08388888888888889 0.4697777777777778 0.35233333333333333 0.12331666666666667 6
SaikatUp15 0.07772229299363057 0.011103184713375796 0.03330955414012738 0.4256220806794055 0.3849104033970276 0.09548738853503183 6
SaikatUp16 2.2523775135135136 2.128959567567567 2.1509984864864866 2.4375044324324326 2.3713876756756753 1.6336348648648649 6
SaikatUp16 0.03856810810810811 0.011019459459459459 0.01652918918918919 0.36915189189189185 0.4462881081081081 0.08448252252252252 4
SaikatUp17 0.936188344370861 0.8095541721854305 0.832167417218543 1.2572964238410598 1.1668434437086093 1.3681013245033113 5
SaikatUp17 1.3718701986754966 1.3643324503311256 1.4020211920529801 1.2060397350993377 1.243728476821192 1.3794079470198675 3
SaikatUp17 1.3718701986754966 1.3643324503311256 1.4020211920529801 1.2060397350993377 1.243728476821192 1.3794079470198675 3
SaikatUp17 1.3718701986754966 1.3643324503311256 1.4020211920529801 1.2060397350993377 1.243728476821192 1.3794079470198675 3
SaikatUp18 3.2672460317460317 3.4062777777777775 3.439206349206349 2.9452777777777777 3.227 3.431888888888889 6
SaikatUp18 1.587888888888889 1.683015873015873 1.7196031746031746 1.3610476190476188 1.6354523809523809 1.72509126984127 6
SaikatUp18 0.10976190476190477 0.021952380952380956 0.04390476190476191 0.43173015873015874 0.5012460317460318 0.0943952380952381 6
SaikatUp19 0.8069096185737977 0.6851119402985075 0.7117551824212272 0.7726540215588723 0.8297466832504146 0.6120333333333334 6
SaikatUp19 0.12560385572139304 0.011418532338308458 0.03425559701492537 0.30259110696517416 0.38823009950248755 0.04567412935323383 4
SaikatUp20 2.2338899676375403 1.9810679611650484 1.9772944983818768 1.9131456310679609 1.63768284789644 1.8716375404530743 6
SaikatUp20 0.05282847896440129 0.026414239482200647 0.026414239482200647 0.33583818770226537 0.3207443365695793 0.07697864077669903 6
SaikatUp21 0.06532813206693804 0.02305698778833107 0.0322797829036635 0.3804402985074627 0.3504662143826323 0.08358158073270014 6
SaikatUp22 0.08027154046997391 0.038224543080939956 0.019112271540469978 0.4166475195822455 0.40518015665796353 0.10549973890339429 6
SaikatUp23 0.07382507053607416 0.040603788794840785 0.029530028214429665 0.4134203950020153 0.4060378879484079 0.11073760580411122 6
SaikatUp24 0.08437001594896332 0.018341307814992023 0.036682615629984046 0.42551834130781496 0.4768740031897927 0.11885167464114832 6
SaikatUp25 0.04089528432732315 0.02230651872399445 0.011153259361997224 0.3494687933425797 0.2788314840499306 0.07361151178918168 6
RaoUp01 0.0822956827309237 0.037407128514056226 0.018703564257028113 0.25810918674698796 0.2543684738955823 0.02468870481927711 6
RaoUp02 0.0716890756302521 0.030184873949579832 0.02263865546218487 0.18865546218487395 0.13583193277310926 0.0181109243697479 6
RaoUp03 0.09952694610778444 0.03800119760479042 0.01628622754491018 0.15381437125748504 0.12486107784431137 0.04071556886227545 6
RaoUp04 1.3152060185185184 1.0211226851851851 0.9925312499999999 1.2253472222222221 0.8699965277777778 1.0341930555555554 6
RaoUp04 1.4173182870370369 1.0211226851851851 0.9925312499999999 1.3274594907407407 0.8699965277777778 1.0341930555555554 6
RaoUp04 0.3038861111111111 0.28918194444444445 0.2940833333333333 0.4117166666666666 0.441125 0.19605555555555554 6
RaoUp04 0.3038861111111111 0.024506944444444442 0.030633680555555553 0.4117166666666666 0.20218229166666665 0.06535185185185184 5
RaoUp04 0.2989847222222222 0.024506944444444442 0.030633680555555553 0.40681527777777776 0.20218229166666665 0.06535185185185184 5
RaoUp04 0.2499708333333333 0.024506944444444442 0.030633680555555553 0.35780138888888885 0.20218229166666665 0.06535185185185184 5
RaoUp04 0.039211111111111106 0.024506944444444442 0.02940833333333333 0.14704166666666665 0.16664722222222222 0.021443576388888885 5
RaoUp05 0.09914579055441479 0.012393223819301849 0.020655373032169744 0.13632546201232032 0.09914579055441479 0.029743737166324436 6
RaoUp06 1.386225080385852 1.0420051446945338 1.2896565916398715 1.160379421221865 1.1993183279742765 1.2966655948553054 5
RaoUp06 1.386225080385852 1.0420051446945338 1.2896565916398715 1.160379421221865 1.1993183279742765 1.2966655948553054 5
RaoUp06 1.386225080385852 1.0420051446945338 1.2896565916398715 1.160379421221865 1.1993183279742765 1.2966655948553054 5
RaoUp06 1.386225080385852 1.0420051446945338 1.2896565916398715 1.160379421221865 1.1993183279742765 1.2966655948553054 5
RaoUp06 0.08177170418006431 0.0420540192926045 0.014018006430868169 0.14407395498392284 0.08566559485530546 0.02569967845659164 5
RaoUp07 0.08527156177156177 0.02595221445221445 0.022244755244755245 0.1520058275058275 0.13717599067599068 0.013346853146853146 6
RaoUp08 0.11198181818181817 0.022396363636363634 0.01493090909090909 0.1381109090909091 0.07838727272727272 0.04031345454545454 6
RaoUp09 0.10858490566037736 0.02533647798742138 0.014477987421383648 0.14116037735849057 0.09410691823899371 0.034747169811320755 6
RaoUp10 0.1141551515151515 0.025776969696969698 0.0036824242424242423 0.10679030303030303 0.08101333333333333 0.039770181818181816 6
AbhiravUp01 0.11673095238095238 0.03714166666666666 0.03714166666666666 0.111425 0.05836547619047619 0.04775357142857143 6
AbhiravUp02 1.2095494553376906 1.0375755991285405 1.261141612200436 1.0089132897603488 1.1866196078431375 1.1321612200435731 5
AbhiravUp02 1.2095494553376906 1.0375755991285405 1.261141612200436 1.0089132897603488 1.1866196078431375 1.1321612200435731 5
AbhiravUp02 0.05732461873638345 0.03439477124183007 0.028662309368191724 0.14331154684095862 0.03439477124183007 0.028662309368191724 5
AbhiravUp03 0.11164166666666668 0.023258680555555553 0.02791041666666667 0.1721142361111111 0.05582083333333334 0.04744770833333333 6
AbhiravUp04 0.08367697594501718 0.03765463917525773 0.04183848797250859 0.16317010309278349 0.0711254295532646 0.02761340206185567 6
AbhiravUp05 2.7838877487562192 2.6153053482587065 2.5788550995024875 2.6016365049751244 2.542404850746269 2.7036972014925373 6
AbhiravUp05 0.07290049751243781 0.010935074626865672 0.027337686567164184 0.12757587064676618 0.0601429104477612 0.061509794776119404 6
AbhiravUp06 0.08131991951710262 0.030494969818913486 0.035577464788732395 0.18296981891348088 0.035577464788732395 0.03354446680080483 6
AbhiravUp07 0.09764390896921016 0.02929317269076305 0.02929317269076305 0.16111244979919678 0.17087684069611778 0.04686907630522088 6
AbhiravUp08 0.06698964497041421 0.022329881656804735 0.06326799802761342 0.23074211045364892 0.07443293885601578 0.02456286982248521 6
AbhiravUp09 1.8585050022737608 1.7895295588904048 1.797193497044111 1.5787712596634835 1.628586857662574 1.7841648021828103 6
AbhiravUp09 0.1103607094133697 0.027590177353342425 0.03678690313778991 0.16094270122783083 0.11955743519781718 0.02586579126875853 5
AbhiravUp10 0.0843954802259887 0.01875455116133082 0.05626365348399246 0.15003640929064657 0.09377275580665412 0.04501092278719397 6
DeepakUp01 0.2828350147120639 0.033058638083228245 0.06244409415720891 0.4995527532576713 0.24977637662883564 0.13443846153846153 6
DeepakUp02 2.002738585858586 2.350542424242424 2.3925846464646465 1.7351971717171717 2.0294927272727272 2.168996464646465 6
DeepakUp02 1.8391561212121215 2.3620084848484852 2.380354181818182 1.568557090909091 2.054718060606061 2.1670854545454548 5
DeepakUp02 0.30729042424242425 0.04127781818181818 0.0642099393939394 0.5778894545454546 0.321049696969697 0.14332575757575758 5
DeepakUp06 0.2527550306211723 0.03888538932633421 0.04374606299212599 0.5103707349081364 0.4617639982502187 0.17790065616797898 6
AmitUp01 1.866290157958688 2.0309628189550426 2.058408262454435 1.5964099635479951 1.6238554070473878 1.929757746051033 5
SanjibUp01 0.13422222222222224 0.0838888888888889 0.08808333333333335 0.39188095238095244 0.3942777777777778 0.12080000000000002 6
SanjibUp01 0.09563333333333335 0.10066666666666668 0.10570000000000002 0.38588888888888895 0.41776666666666673 0.1384166666666667 5
SanjibUp01 0.09563333333333335 0.10066666666666668 0.10570000000000002 0.44796666666666674 0.41776666666666673 0.1384166666666667 5
SanjibUp02 0.08289438502673796 0.008289438502673796 0.02486831550802139 0.32328810160427807 0.34815641711229944 0.05526292335115864 4
SanjibUp03 0.03834014996591684 0.0054771642808452625 0.03286298568507157 0.3231526925698705 0.24099522835719153 0.04929447852760736 6
SanjibUp01 0.09563333333333335 0.10066666666666668 0.10570000000000002 0.44796666666666674 0.41776666666666673 0.1384166666666667 5
SanjibUp02 0.08289438502673796 0.008289438502673796 0.02486831550802139 0.32328810160427807 0.34815641711229944 0.05526292335115864 4
SanjibUp03 0.03834014996591684 0.0054771642808452625 0.03286298568507157 0.3231526925698705 0.24099522835719153 0.04929447852760736 6
SanjibUp04 2.0193196721311475 1.8818032786885246 1.903516393442623 1.563344262295082 1.5054426229508198 1.8094262295081969 4
SanjibUp04 0.07444496487119438 0.02895081967213115 0.004825136612021858 0.29777985948477753 0.4294371584699454 0.028950819672131152 6
SanjibUp05 0.07720158494304111 0.01544031698860822 0.02316047548291233 0.33582689450222886 0.34740713224368497 0.048636998514115896 6
SanjibUp06 0.04443994211287988 0.029626628075253254 0.014813314037626627 0.2856853421542278 0.3629261939218524 0.06665991316931982 6
SanjibUp07 0.07299671052631579 0.02027686403508772 0.012166118421052632 0.31226370614035087 0.2960422149122807 0.04136480263157895 6
SanjibUp08 0.07888067349926793 0.022537335285505125 0.04131844802342607 0.3155226939970718 0.2704480234260615 0.04958213762811128 6
SanjibUp09 0.11620919254658384 0.020542028985507246 0.016433623188405796 0.28876223602484474 0.2916968115942029 0.07641634782608696 6
AmitUp01 1.8640030376670718 2.0126658566221143 2.043160793843662 1.6009842041312272 1.635291008505468 1.913557310652086 6
AmitUp01 0.18296962332928313 0.026683070068853787 0.026683070068853787 0.4459884568651276 0.40405791818550024 0.12579161603888217 6
AmitUp02 1.9366145700974162 1.9518335451080053 1.948028801355358 1.5751639135959339 1.7501821262177044 1.887152901313003 6
AmitUp02 0.07305108005082592 0.0228284625158831 0.03195984752223634 0.41091232528589583 0.228284625158831 0.08560673443456163 5
AmitUp03 1.9100086877000457 1.5845711019661637 1.9061344307270234 1.5225829903978052 1.6504334705075445 1.8383349336991313 6
AmitUp03 0.03486831275720165 0.015497027892089621 0.015497027892089621 0.39904846822130774 0.26344947416552356 0.07671028806584362 6
AmitUp04 0.1035002255299955 0.018482183130356336 0.018482183130356336 0.4509652683806946 0.19960757780784844 0.11089309878213802 6
AmitUp05 0.11797783572359843 0.019028683181225556 0.019028683181225556 0.5023572359843547 0.23214993481095178 0.11873898305084747 6
AmitUp06 0.10969257086999024 0.007565004887585533 0.02647751710654937 0.3631202346041056 0.20047262952101663 0.09531906158357771 6
AmitUp07 0.06653787878787878 0.014786195286195285 0.022179292929292927 0.32159974747474745 0.22918602693602694 0.06431994949494949 6
AmitUp08 2.1433285236302804 1.7478109577582603 1.7440441237975746 1.8156139690506068 1.5745365955667088 1.6856581974069431 6
AmitUp08 0.05273567544960268 0.015067335842743624 0.007533667921371812 0.3503155583437893 0.18457486407360937 0.06554291091593475 6
AmitUp09 0.20461032863849762 0.010961267605633802 0.021922535211267604 0.4384507042253521 0.33979929577464785 0.18634154929577465 6
AmitUp10 0.1268915713680644 0.022392630241423128 0.03732105040237188 0.3956031342651419 0.19033735705209662 0.08957052096569251 6
HarshUp01 1.76475 1.6985718749999998 1.6948953125 1.477978125 1.6360703125 1.69673359375 6
HarshUp01 0.08823750000000001 0.07353124999999999 0.0625015625 0.257359375 0.14338593749999998 0.066178125 6
HarshUp01 0.06066328125 0.027574218749999997 0.01654453125 0.21507890624999998 0.15993046875 0.07353124999999999 4
HarshUp02 4.184262340672075 3.4802011587485517 3.50248157589803 3.943633835457706 3.3286943221320975 3.75202224797219 5
HarshUp02 1.353535341830823 1.303404403244496 1.303404403244496 1.1864322132097336 0.8577960602549247 1.3173296639629202 4
HarshUp02 0.0816948628814214 0.03713402858246428 0.05941444573194284 0.1633897257628428 0.2005237543453071 0.027850521436848207 3
HarshUp03 0.06618890554722638 0.05515742128935532 0.06618890554722638 0.20592103948025986 0.1213463268365817 0.017650374812593704 6
HarshUp04 1.653142750373692 1.564383408071749 1.564383408071749 1.3720714997508718 1.501512207274539 1.5329478076731438 6
HarshUp04 0.04068136522172396 0.07396611858495267 0.0998542600896861 0.25518310911808667 0.0887593423019432 0.10207324364723466 6
HarshUp04 0.0443796711509716 0.0443796711509716 0.04881763826606876 0.2529641255605381 0.09763527653213752 0.11649663677130044 5
HarshUp05 0.08367899478425794 0.12733760075865339 0.1418904694167852 0.19646372688477953 0.08367899478425794 0.02837809388335704 6
HarshUp08 0.08284201680672268 0.026358823529411764 0.04895210084033613 0.18074621848739494 0.0715453781512605 0.01355596638655462 6
HarshUp09 0.05842303433001108 0.08398311184939093 0.11319462901439646 0.189874861572536 0.08398311184939093 0.06572591362126247 6
HarshUp09 0.05477159468438539 0.010954318936877077 0.027385797342192694 0.16431478405315617 0.07668023255813954 0.025560077519379845 4
HarshUp06 0.015373996789727127 0.08840048154093098 0.09608747993579454 0.25751444622792935 0.11914847512038523 0.04612199036918138 6
HarshUp07 1.7812395514780837 1.493097859327217 1.493097859327217 1.5192925586136594 1.41451376146789 1.5286478083588175 6
HarshUp07 0.06735779816513761 0.08232619775739042 0.11600509683995923 0.21704179408766563 0.14594189602446483 0.038169418960244644 6
MaheshDown01 0.17534079713390058 0.006494103597551873 0.07468219137184653 0.4375402298850575 0.6948690849380504 0.28222291884360845 7
MaheshDown01 0.17534079713390058 0.006494103597551873 0.07468219137184653 0.4375402298850575 0.6948690849380504 0.5133047718564959 7
MaheshDown01 0.17534079713390058 0.006494103597551873 0.07468219137184653 0.4375402298850575 0.6948690849380504 0.5398223615464994 7
MaheshDown01 0.17534079713390058 0.006494103597551873 0.07468219137184653 0.4375402298850575 0.6396692043588594 0.3617756879136189 7
MaheshDown01 0.17534079713390058 0.006494103597551873 0.07468219137184653 0.4375402298850575 0.6396692043588594 0.0359881574364333 7
MaheshDown02 0.19006005056890013 0.03167667509481669 0.06968868520859672 0.48782079646017706 0.6018568268015171 0.05728198746312685 7
MaheshDown02 3.4457887168141594 3.5610918141592927 3.503440265486726 2.385887168141593 2.8781426991150445 3.375941648230089 5
SaikatUp01 0.01917365905469995 0.009586829527349974 0.015978049212249955 0.2939961055053992 0.4154292795184989 0.08015654688145395 7
SaikatUp01 0.01917365905469995 0.009586829527349974 0.015978049212249955 0.2939961055053992 0.4154292795184989 0.08015654688145395 7
SaikatUp01 0.026844371941272427 0.008948123980424143 0.017896247960848287 0.30871027732463296 0.38476933115823814 0.05312948613376835 5
SaikatUp01 0.026844371941272427 0.008948123980424143 0.017896247960848287 0.30871027732463296 0.38476933115823814 0.05312948613376835 5
SaikatUp01 0.026844371941272427 0.008948123980424143 0.017896247960848287 0.30871027732463296 0.38476933115823814 0.05312948613376835 5
