0.0 0.0 0 0 0
0.0 0.0 0 0 0
0.0 0.0 0 0 0
0.0 0.0 0 0 0
0.0 0.0 0 0 0
0.0 0.0 0 0 0
0.0 0.0 0 0 0
0.0 0.0 0 0 0
0.0 0.0 0 0 0
0.0 0.0 0 0 0
0.0 0.0 0 0 0
0.0 0.0 0 0 0
0.0 0.0 0 0 0
0.0 0.0 0 0 0
0.0 0.0 0 0 0
0.0 0.0 0 0 0
0.0 0.0 0 0 0
0.0 0.0 0 0 0
0.0 0.0 0 0 0
0.0 0.0 0 0 0
0.0 0.0 0 0 0
0.0 0.0 0 0 0
0.0 0.0 1 0 0
0.0 0.0 0 0 0
0.0 0.0 0 0 0
0.0 0.0 0 0 0
0.0 0.0 0 0 0
0.0 0.0 0 0 0
0.0 0.0 0 0 0
0.0 1.0 0 0 0
0.0 1.0 0 0 0
1.0 3.0 0 0 0
1.0 5.0 0 0 0
14.0 6.0 0 0 0
8.0 5.0 0 0 0
7.0 5.0 0 0 0
4.0 6.0 0 0 0
7.0 5.0 0 0 0
8.0 6.0 0 0 0
13.0 8.0 0 0 0
13.0 10.0 0 0 0
15.0 8.0 0 0 0
16.0 10.0 0 0 0
17.0 12.0 0 0 0
18.0 10.0 0 0 0
20.0 11.0 0 0 0
18.0 9.0 0 0 0
18.0 8.0 0 0 0
18.0 9.0 0 0 0
18.0 9.0 0 0 0
13.0 9.0 0 0 0
23.0 8.0 0 0 0
16.0 3.0 0 0 0
18.0 0.0 0 0 0
20.0 2.0 0 0 0
18.0 0.0 0 0 0
16.0 0.0 0 0 0
14.0 5.0 0 0 0
11.0 10.0 0 0 0
7.0 10.0 0 0 0
4.0 16.0 0 0 0
4.0 20.0 0 0 0
3.0 23.0 0 0 0
0.0 24.0 0 0 0
0.0 21.0 0 0 0
0.0 14.0 0 0 0
0.0 15.0 0 1 0
0.0 10.0 0 0 0
0.0 4.0 0 0 0
0.0 1.0 0 0 1
0.0 0.0 0 0 0
0.0 0.0 0 0 0
0.0 0.0 0 0 0
0.0 0.0 0 0 0
0.0 0.0 0 0 0
0.0 0.0 0 0 0
0.0 0.0 0 0 0
0.0 0.0 0 0 0
0.0 0.0 0 0 0
0.0 0.0 0 0 0
0.0 0.0 0 0 0
0.0 0.0 0 0 0
0.0 0.0 0 0 0
0.0 0.0 0 0 0
0.0 0.0 0 0 0
0.0 0.0 0 0 0
0.0 0.0 0 0 0
0.0 0.0 0 0 0
0.0 0.0 0 0 0
0.0 0.0 0 0 0
0.0 0.0 0 0 0
0.0 0.0 0 0 0
0.0 0.0 0 0 0
0.0 0.0 0 0 0
0.0 0.0 0 0 0
0.0 0.0 0 0 0
0.0 0.0 0 0 0
0.0 0.0 0 0 0
0.0 0.0 1 0 0
0.0 0.0 0 0 0
0.0 0.0 0 0 0
0.0 0.0 0 0 0
0.0 0.0 0 0 0
0.0 3.0 0 0 0
0.0 11.0 0 0 0
0.0 11.0 0 0 0
0.0 8.0 0 0 0
0.0 10.0 0 0 0
2.0 11.0 0 0 0
8.0 10.0 0 0 0
5.0 9.0 0 0 0
9.0 11.0 0 0 0
8.0 10.0 0 0 0
12.0 9.0 0 0 0
10.0 4.0 0 0 0
12.0 7.0 0 0 0
13.0 7.0 0 0 0
15.0 7.0 0 0 0
12.0 6.0 0 0 0
10.0 4.0 0 0 0
14.0 5.0 0 0 0
14.0 7.0 0 0 0
12.0 9.0 0 0 0
16.0 2.0 0 0 0
15.0 7.0 0 0 0
15.0 3.0 0 0 0
17.0 2.0 0 0 0
17.0 3.0 0 0 0
16.0 0.0 0 0 0
15.0 2.0 0 0 0
12.0 0.0 0 0 0
7.0 5.0 0 0 0
7.0 5.0 0 0 0
8.0 9.0 0 0 0
7.0 11.0 0 0 0
0.0 7.0 0 0 0
0.0 9.0 0 0 0
0.0 12.0 0 0 0
0.0 8.0 0 0 0
0.0 9.0 0 0 0
0.0 8.0 0 0 0
0.0 7.0 0 0 0
0.0 8.0 0 0 0
0.0 9.0 0 1 0
0.0 6.0 0 0 0
0.0 5.0 0 0 0
0.0 0.0 0 0 0
0.0 0.0 0 0 1
0.0 0.0 0 0 0
0.0 0.0 0 0 0
0.0 0.0 0 0 0
0.0 0.0 0 0 0
0.0 0.0 0 0 0
0.0 0.0 0 0 0
0.0 0.0 0 0 0
0.0 0.0 0 0 0
0.0 0.0 0 0 0
0.0 0.0 0 0 0
0.0 0.0 0 0 0
0.0 0.0 0 0 0
0.0 0.0 0 0 0
0.0 0.0 0 0 0
0.0 0.0 0 0 0
0.0 0.0 0 0 0
0.0 0.0 0 0 0
0.0 0.0 0 0 0
0.0 0.0 0 0 0
0.0 0.0 0 0 0
0.0 0.0 0 0 0
0.0 0.0 0 0 0
0.0 0.0 0 0 0
0.0 0.0 0 0 0
0.0 0.0 0 0 0
0.0 0.0 0 0 0
0.0 0.0 0 0 0
0.0 0.0 0 0 0
0.0 0.0 0 0 0
0.0 0.0 0 0 0
0.0 0.0 0 0 0
0.0 0.0 0 0 0
0.0 0.0 1 0 0
0.0 0.0 0 0 0
0.0 0.0 0 0 0
0.0 0.0 0 0 0
0.0 0.0 0 0 0
0.0 1.0 0 0 0
0.0 10.0 0 0 0
0.0 13.0 0 0 0
0.0 11.0 0 0 0
0.0 15.0 0 0 0
0.0 17.0 0 0 0
2.0 17.0 0 0 0
5.0 14.0 0 0 0
9.0 18.0 0 0 0
5.0 17.0 0 0 0
5.0 23.0 0 0 0
7.0 21.0 0 0 0
6.0 18.0 0 0 0
10.0 16.0 0 0 0
10.0 12.0 0 0 0
10.0 15.0 0 0 0
9.0 12.0 0 0 0
15.0 12.0 0 0 0
10.0 6.0 0 0 0
11.0 7.0 0 0 0
12.0 9.0 0 0 0
12.0 5.0 0 0 0
14.0 7.0 0 0 0
10.0 4.0 0 0 0
12.0 6.0 0 0 0
10.0 6.0 0 0 0
7.0 6.0 0 0 0
9.0 8.0 0 0 0
3.0 5.0 0 0 0
7.0 5.0 0 0 0
5.0 6.0 0 0 0
4.0 6.0 0 0 0
0.0 7.0 0 0 0
2.0 6.0 0 0 0
5.0 11.0 0 0 0
0.0 11.0 0 0 0
0.0 11.0 0 0 0
0.0 11.0 0 0 0
0.0 13.0 0 0 0
0.0 17.0 0 0 0
1.0 15.0 0 1 0
0.0 11.0 0 0 0
0.0 3.0 0 0 0
0.0 0.0 0 0 1
0.0 0.0 0 0 0
0.0 0.0 0 0 0
0.0 0.0 0 0 0
0.0 0.0 0 0 0
0.0 0.0 0 0 0
0.0 0.0 0 0 0
0.0 0.0 0 0 0
0.0 0.0 0 0 0
0.0 0.0 0 0 0
0.0 0.0 0 0 0
0.0 0.0 0 0 0
0.0 0.0 0 0 0
0.0 0.0 0 0 0
0.0 0.0 0 0 0
0.0 0.0 0 0 0
0.0 0.0 0 0 0
0.0 0.0 0 0 0
0.0 0.0 0 0 0
0.0 0.0 0 0 0
0.0 0.0 0 0 0
0.0 0.0 0 0 0
0.0 0.0 0 0 0
0.0 0.0 0 0 0
0.0 0.0 0 0 0
0.0 0.0 0 0 0
0.0 0.0 0 0 0
0.0 0.0 0 0 0
0.0 0.0 0 0 0
0.0 0.0 0 0 0
0.0 0.0 0 0 0
0.0 0.0 0 0 0
0.0 0.0 0 0 0
0.0 0.0 0 0 0
0.0 0.0 0 0 0
0.0 0.0 0 0 0
0.0 0.0 0 0 0
0.0 0.0 0 0 0
0.0 10.0 1 0 0
0.0 39.0 0 0 0
0.0 37.0 0 0 0
0.0 17.0 0 0 0
0.0 13.0 0 0 0
0.0 10.0 0 0 0
0.0 10.0 0 0 0
2.0 11.0 0 0 0
4.0 4.0 0 0 0
0.0 6.0 0 0 0
0.0 3.0 0 0 0
0.0 3.0 0 0 0
1.0 0.0 0 0 0
4.0 0.0 0 0 0
6.0 1.0 0 0 0
8.0 0.0 0 0 0
5.0 0.0 0 0 0
7.0 2.0 0 0 0
11.0 3.0 0 0 0
9.0 0.0 0 0 0
10.0 1.0 0 0 0
7.0 3.0 0 0 0
11.0 2.0 0 0 0
8.0 3.0 0 0 0
7.0 3.0 0 0 0
7.0 5.0 0 0 0
5.0 7.0 0 0 0
0.0 5.0 0 0 0
2.0 7.0 0 0 0
1.0 9.0 0 0 0
1.0 9.0 0 0 0
2.0 9.0 0 0 0
0.0 10.0 0 0 0
0.0 11.0 0 0 0
0.0 13.0 0 0 0
0.0 17.0 0 0 0
1.0 12.0 0 0 0
0.0 15.0 0 0 0
0.0 15.0 0 0 0
0.0 11.0 0 0 0
0.0 14.0 0 0 0
0.0 13.0 0 1 0
0.0 15.0 0 0 0
0.0 10.0 0 0 0
0.0 5.0 0 0 0
0.0 0.0 0 0 0
0.0 0.0 0 0 0
0.0 0.0 0 0 1
0.0 0.0 0 0 0
0.0 0.0 0 0 0
0.0 0.0 0 0 0
0.0 0.0 0 0 0
0.0 0.0 0 0 0
0.0 0.0 0 0 0
0.0 0.0 0 0 0
0.0 0.0 0 0 0
0.0 0.0 0 0 0
0.0 0.0 0 0 0
0.0 0.0 0 0 0
0.0 0.0 0 0 0
0.0 0.0 0 0 0
0.0 0.0 0 0 0
0.0 0.0 0 0 0
0.0 0.0 0 0 0
0.0 0.0 0 0 0
0.0 0.0 0 0 0
0.0 0.0 0 0 0
0.0 0.0 0 0 0
0.0 0.0 0 0 0
0.0 0.0 0 0 0
0.0 0.0 0 0 0
0.0 0.0 0 0 0
0.0 0.0 0 0 0
0.0 0.0 0 0 0
0.0 0.0 0 0 0
0.0 0.0 0 0 0
0.0 0.0 1 0 0
0.0 0.0 0 0 0
0.0 0.0 0 0 0
0.0 0.0 0 0 0
0.0 0.0 0 0 0
0.0 0.0 0 0 0
0.0 4.0 0 0 0
0.0 15.0 0 0 0
0.0 26.0 0 0 0
0.0 30.0 0 0 0
0.0 30.0 0 0 0
3.0 21.0 0 0 0
13.0 20.0 0 0 0
11.0 19.0 0 0 0
7.0 14.0 0 0 0
2.0 15.0 0 0 0
2.0 12.0 0 0 0
0.0 8.0 0 0 0
0.0 8.0 0 0 0
1.0 8.0 0 0 0
0.0 8.0 0 0 0
0.0 9.0 0 0 0
2.0 8.0 0 0 0
2.0 7.0 0 0 0
1.0 7.0 0 0 0
5.0 6.0 0 0 0
7.0 8.0 0 0 0
5.0 11.0 0 0 0
6.0 8.0 0 0 0
6.0 6.0 0 0 0
6.0 7.0 0 0 0
3.0 7.0 0 0 0
1.0 7.0 0 0 0
0.0 8.0 0 0 0
0.0 12.0 0 0 0
0.0 11.0 0 0 0
0.0 12.0 0 0 0
0.0 10.0 0 0 0
0.0 13.0 0 0 0
0.0 13.0 0 0 0
0.0 11.0 0 0 0
0.0 11.0 0 0 0
0.0 10.0 0 1 0
0.0 5.0 0 0 0
0.0 1.0 0 0 0
0.0 0.0 0 0 1
0.0 0.0 0 0 0
0.0 0.0 0 0 0
0.0 0.0 0 0 0
0.0 0.0 0 0 0
0.0 4.0 0 0 0
0.0 0.0 0 0 0
0.0 0.0 0 0 0
0.0 0.0 0 0 0
0.0 0.0 0 0 0
0.0 0.0 0 0 0
0.0 0.0 0 0 0
0.0 0.0 0 0 0
0.0 0.0 0 0 0
0.0 0.0 0 0 0
0.0 0.0 0 0 0
0.0 0.0 0 0 0
0.0 0.0 0 0 0
0.0 0.0 0 0 0
0.0 0.0 0 0 0
0.0 0.0 0 0 0
0.0 0.0 0 0 0
0.0 0.0 0 0 0
0.0 0.0 0 0 0
0.0 0.0 0 0 0
0.0 0.0 0 0 0
0.0 0.0 0 0 0
0.0 0.0 0 0 0
0.0 0.0 1 0 0
0.0 0.0 0 0 0
0.0 0.0 0 0 0
0.0 0.0 0 0 0
0.0 0.0 0 0 0
0.0 2.0 0 0 0
0.0 9.0 0 0 0
0.0 12.0 0 0 0
0.0 17.0 0 0 0
0.0 15.0 0 0 0
6.0 18.0 0 0 0
5.0 15.0 0 0 0
2.0 6.0 0 0 0
2.0 8.0 0 0 0
3.0 4.0 0 0 0
0.0 0.0 0 0 0
0.0 0.0 0 0 0
0.0 0.0 0 0 0
5.0 0.0 0 0 0
4.0 0.0 0 0 0
7.0 0.0 0 0 0
4.0 0.0 0 0 0
4.0 0.0 0 0 0
4.0 0.0 0 0 0
4.0 0.0 0 0 0
3.0 0.0 0 0 0
6.0 0.0 0 0 0
0.0 0.0 0 0 0
3.0 0.0 0 0 0
4.0 0.0 0 0 0
3.0 0.0 0 0 0
0.0 0.0 0 0 0
4.0 0.0 0 0 0
0.0 0.0 0 0 0
0.0 0.0 0 0 0
0.0 0.0 0 0 0
0.0 0.0 0 0 0
0.0 3.0 0 0 0
0.0 7.0 0 0 0
0.0 5.0 0 0 0
0.0 14.0 0 0 0
0.0 17.0 0 0 0
0.0 15.0 0 0 0
0.0 19.0 0 0 0
0.0 22.0 0 0 0
0.0 37.0 0 0 0
0.0 26.0 0 1 0
1.0 21.0 0 0 0
0.0 13.0 0 0 0
0.0 7.0 0 0 0
0.0 2.0 0 0 1
0.0 0.0 0 0 0
0.0 0.0 0 0 0
0.0 0.0 0 0 0
0.0 0.0 0 0 0
0.0 0.0 0 0 0
0.0 0.0 0 0 0
0.0 0.0 0 0 0
0.0 0.0 0 0 0
0.0 0.0 0 0 0
0.0 0.0 0 0 0
0.0 0.0 0 0 0
0.0 0.0 0 0 0
0.0 0.0 0 0 0
0.0 0.0 0 0 0
0.0 0.0 0 0 0
0.0 0.0 0 0 0
