Walk1
957
952.0000000000001
0.06269592476489028
[49, 73, 94, 118, 140, 173, 196, 219, 240, 265, 287, 313, 340, 364, 389, 414, 437, 461, 494, 518, 541, 564, 586, 608, 632, 660, 695, 718, 741, 763, 786, 808, 830, 852, 876, 897, 923, 956]
[50, 73, 95, 119, 143, 174, 197, 219, 242, 265, 288, 315, 341, 366, 390, 415, 438, 465, 494, 519, 541, 564, 587, 609, 634, 661, 695, 719, 741, 764, 787, 810, 832, 853, 876, 898, 927, 953]
[1, 0, 1, 1, 3, 1, 1, 0, 2, 0, 1, 2, 1, 2, 1, 1, 1, 4, 0, 1, 0, 0, 1, 1, 2, 1, 0, 1, 0, 1, 1, 2, 2, 1, 0, 1, 4, 3]
38
38
38
1.1842105263157894
0.07424517406368585
mssaboo@mssaboo-Inspiron-5559:~/Desktop/TS_HS$ python3 HeelStrike.py Walk2
Walk2
913
908.0
0.06571741511500548
[53, 80, 104, 126, 150, 173, 196, 219, 243, 266, 289, 314, 337, 363, 388, 412, 436, 459, 484, 509, 531, 555, 578, 601, 636, 658, 683, 708, 731, 754, 779, 801, 824, 848, 870, 895, 911]
[53, 80, 104, 127, 151, 174, 197, 221, 244, 267, 291, 314, 340, 362, 388, 412, 436, 461, 485, 509, 533, 556, 579, 604, 636, 661, 683, 708, 732, 755, 779, 802, 826, 848, 871, 895, 908]
[0, 0, 0, 1, 1, 1, 1, 2, 1, 1, 2, 0, 3, 1, 0, 0, 0, 2, 1, 0, 2, 1, 1, 3, 0, 3, 0, 0, 1, 1, 0, 1, 2, 0, 1, 0, 3]
37
37
37
0.972972972972973
0.06394126876054587
mssaboo@mssaboo-Inspiron-5559:~/Desktop/TS_HS$ python3 HeelStrike.py Walk3
Walk3
921
916.0
0.06514657980456026
[43, 72, 101, 127, 154, 181, 205, 232, 257, 293, 321, 346, 372, 398, 424, 448, 474, 498, 524, 553, 580, 608, 634, 660, 685, 712, 735, 760, 789, 813, 839, 865, 889, 914]
[46, 73, 101, 127, 154, 182, 207, 233, 259, 295, 321, 347, 372, 399, 425, 450, 475, 499, 525, 555, 580, 608, 634, 661, 687, 712, 737, 762, 790, 814, 840, 865, 890, 914, 916]
[3, 1, 0, 0, 0, 1, 2, 1, 2, 2, 0, 1, 0, 1, 1, 2, 1, 1, 1, 2, 0, 0, 0, 1, 2, 0, 2, 2, 1, 1, 1, 0, 1, 0]
34
35
34
0.9705882352941176
0.06323050392795555
mssaboo@mssaboo-Inspiron-5559:~/Desktop/TS_HS$ python3 HeelStrike.py Walk4
Walk4
1468
1463.0
0.04087193460490463
[29, 66, 101, 135, 173, 203, 234, 264, 295, 340, 371, 401, 433, 471, 505, 541, 575, 612, 644, 690, 725, 759, 789, 821, 858, 893, 928, 963, 1002, 1036, 1067, 1104, 1132, 1166, 1204, 1243, 1276, 1325, 1350, 1379, 1400, 1431, 1451, 1466]
[29, 69, 103, 138, 174, 205, 235, 265, 308, 340, 374, 404, 437, 474, 508, 544, 577, 615, 651, 692, 727, 761, 792, 824, 859, 896, 929, 963, 1003, 1037, 1070, 1107, 1135, 1168, 1208, 1247, 1288, 1329, 1351, 1382, 1402, 1432, 1452, 1463]
[0, 3, 2, 3, 1, 2, 1, 1, 13, 0, 3, 3, 4, 3, 3, 3, 2, 3, 7, 2, 2, 2, 3, 3, 1, 3, 1, 0, 1, 1, 3, 3, 3, 2, 4, 4, 12, 4, 1, 3, 2, 1, 1, 3]
44
44
44
2.772727272727273
0.11332672776814466
mssaboo@mssaboo-Inspiron-5559:~/Desktop/TS_HS$ python3 HeelStrike.py Walk5
Walk5
903
897.9999999999999
0.0664451827242525
[55, 85, 114, 145, 171, 198, 228, 254, 278, 306, 334, 365, 396, 421, 446, 474, 497, 523, 550, 573, 599, 625, 652, 679, 706, 732, 756, 783, 808, 832, 856, 882, 901]
[55, 87, 118, 146, 173, 201, 228, 254, 281, 310, 337, 367, 396, 423, 448, 474, 499, 526, 551, 576, 602, 626, 652, 681, 707, 732, 757, 783, 808, 833, 857, 882, 898]
[0, 2, 4, 1, 2, 3, 0, 0, 3, 4, 3, 2, 0, 2, 2, 0, 2, 3, 1, 3, 3, 1, 0, 2, 1, 0, 1, 0, 0, 1, 1, 0, 3]
33
33
33
1.5151515151515151
0.10067451927917045
mssaboo@mssaboo-Inspiron-5559:~/Desktop/TS_HS$ python3 HeelStrike.py Walk6
Walk6
949
943.9999999999999
0.06322444678609063
[44, 83, 108, 131, 153, 175, 196, 218, 240, 262, 289, 313, 334, 356, 377, 401, 430, 451, 471, 492, 518, 543, 572, 594, 625, 645, 665, 685, 706, 726, 753, 775, 796, 815, 836, 855, 875, 895, 916, 938]
[44, 85, 108, 132, 154, 175, 197, 219, 240, 263, 291, 314, 335, 357, 378, 402, 431, 451, 472, 493, 519, 545, 574, 594, 625, 645, 665, 686, 706, 728, 753, 775, 796, 816, 836, 856, 875, 896, 916, 944]
[0, 2, 0, 1, 1, 0, 1, 1, 0, 1, 2, 1, 1, 1, 1, 1, 1, 0, 1, 1, 1, 2, 2, 0, 0, 0, 0, 1, 0, 2, 0, 0, 0, 1, 0, 1, 0, 1, 0, 6]
40
40
40
0.85
0.05374077976817704
mssaboo@mssaboo-Inspiron-5559:~/Desktop/TS_HS$ python3 HeelStrike.py Walk7
Walk7
956
951.0
0.06276150627615062
[38, 66, 98, 154, 197, 225, 248, 278, 304, 329, 353, 388, 414, 441, 466, 491, 515, 537, 562, 587, 612, 639, 674, 699, 724, 747, 774, 797, 821, 843, 869, 894, 923, 952]
[40, 67, 99, 155, 197, 225, 251, 278, 304, 332, 358, 389, 417, 441, 466, 491, 516, 539, 562, 588, 613, 644, 674, 700, 725, 749, 774, 798, 821, 844, 869, 896, 926, 951]
[2, 1, 1, 1, 0, 0, 3, 0, 0, 3, 5, 1, 3, 0, 0, 0, 1, 2, 0, 1, 1, 5, 0, 1, 1, 2, 0, 1, 0, 1, 0, 2, 3, 1]
34
34
34
1.2352941176470589
0.07752891951759783
mssaboo@mssaboo-Inspiron-5559:~/Desktop/TS_HS$ python3 HeelStrike.py Walk8
Walk8
1205
1200.0
0.04979253112033195
[61, 113, 157, 204, 252, 304, 348, 394, 440, 486, 541, 596, 637, 674, 699, 724, 749, 775, 799, 825, 850, 877, 905, 930, 954, 984, 1011, 1037, 1060, 1083, 1106, 1130, 1162, 1185, 1203]
[63, 114, 162, 205, 255, 305, 348, 395, 441, 486, 551, 597, 638, 674, 699, 725, 750, 775, 799, 826, 852, 877, 905, 931, 954, 985, 1014, 1038, 1061, 1083, 1107, 1133, 1163, 1187, 1200]
[2, 1, 5, 1, 3, 1, 0, 1, 1, 0, 10, 1, 1, 0, 0, 1, 1, 0, 0, 1, 2, 0, 0, 1, 0, 1, 3, 1, 1, 0, 1, 3, 1, 2, 3]
35
35
35
1.4
0.06970954356846472
mssaboo@mssaboo-Inspiron-5559:~/Desktop/TS_HS$ python3 HeelStrike.py Walk9
Walk9
1050
1045.0
0.05714285714285714
[58, 86, 113, 141, 166, 191, 216, 240, 265, 291, 317, 395, 418, 441, 462, 485, 508, 531, 554, 577, 600, 625, 649, 906, 941, 983, 1004, 1045]
[60, 87, 114, 142, 167, 192, 216, 240, 266, 292, 319, 348, 372, 396, 419, 441, 463, 486, 509, 532, 555, 577, 601, 626, 655, 680, 725, 728, 735, 785, 823, 877, 910, 951, 983, 1005, 1045]
[2, 1, 1, 1, 1, 1, 0, 0, 1, 1, 2, 47, 46, 45, 43, 44, 45, 45, 45, 45, 45, 48, 48, 280, 286, 303, 279, 317]
28
37
28
72.21428571428571
4.126530612244898
mssaboo@mssaboo-Inspiron-5559:~/Desktop/TS_HS$ python3 HeelStrike.py Walk10
Walk10
1007
1002.0
0.05958291956305859
[67, 114, 147, 169, 192, 218, 242, 263, 294, 327, 349, 371, 393, 416, 437, 459, 480, 502, 526, 551, 575, 595, 617, 639, 661, 683, 706, 728, 750, 771, 793, 826, 860, 885, 908, 930, 952, 974, 995]
[72, 116, 148, 171, 194, 220, 243, 264, 295, 328, 350, 372, 394, 417, 438, 460, 481, 503, 529, 553, 575, 596, 618, 640, 662, 684, 706, 729, 751, 772, 795, 827, 863, 886, 909, 931, 953, 975, 996, 1002]
[5, 2, 1, 2, 2, 2, 1, 1, 1, 1, 1, 1, 1, 1, 1, 1, 1, 1, 3, 2, 0, 1, 1, 1, 1, 1, 0, 1, 1, 1, 2, 1, 3, 1, 1, 1, 1, 1, 1]
39
40
39
1.3076923076923077
0.07791612558246123
mssaboo@mssaboo-Inspiron-5559:~/Desktop/TS_HS$ python3 HeelStrike.py Walk11
Walk11
934
929.0
0.06423982869379015
[41, 62, 83, 105, 128, 152, 174, 197, 220, 243, 267, 290, 311, 333, 355, 376, 408, 432, 459, 482, 504, 526, 548, 571, 593, 624, 648, 670, 693, 717, 740, 763, 785, 807, 828, 861, 883, 905, 928]
[42, 63, 84, 106, 129, 153, 176, 198, 220, 243, 268, 291, 312, 334, 356, 378, 409, 435, 461, 483, 505, 527, 549, 572, 594, 625, 649, 671, 695, 718, 741, 764, 786, 808, 829, 862, 884, 906, 928, 930]
[1, 1, 1, 1, 1, 1, 2, 1, 0, 0, 1, 1, 1, 1, 1, 2, 1, 3, 2, 1, 1, 1, 1, 1, 1, 1, 1, 1, 2, 1, 1, 1, 1, 1, 1, 1, 1, 1, 0]
39
40
39
1.0769230769230769
0.06918135397792785

